5013	0.0001
7745	0.0001
3208	0.0001
2376	0.0001
6493	0.0001
657	0.0001
337	0.0003
3550	0.0001
526	0.0002
1266	0.0001
254	0.0002
279	0.0005
9601	0.0001
1024	0.0001
426	0.0001
9779	0.0001
4536	0.0001
2275	0.0001
766	0.0001
8135	0.0001
3263	0.0001
2793	0.0001
5538	0.0001
3892	0.0001
5421	0.0001
4054	0.0001
1145	0.0001
1411	0.0001
1805	0.0001
3786	0.0001
1589	0.0001
0	0.1523
361	0.0003
595	0.0001
2227	0.0001
6152	0.0001
3740	0.0001
2452	0.0001
12	0.0083
14	0.0065
2219	0.0001
1365	0.0001
265	0.0001
1710	0.0001
1501	0.0001
1875	0.0001
4047	0.0001
217	0.0001
4262	0.0001
507	0.0001
1753	0.0001
1715	0.0002
60	0.0018
827	0.0001
2226	0.0001
981	0.0002
1426	0.0002
3674	0.0001
8583	0.0001
1584	0.0001
203	0.0006
966	0.0001
1277	0.0002
1580	0.0001
6987	0.0001
4125	0.0001
8513	0.0001
7359	0.0001
5964	0.0001
656	0.0004
8322	0.0001
890	0.0002
3134	0.0001
7884	0.0001
708	0.0003
5254	0.0001
7716	0.0001
5311	0.0001
809	0.0001
1865	0.0001
8316	0.0001
724	0.0002
322	0.0004
747	0.0001
5284	0.0001
2418	0.0001
156	0.0006
1536	0.0002
538	0.0003
1060	0.0002
705	0.0001
3075	0.0001
411	0.0004
558	0.0002
696	0.0001
4772	0.0001
1923	0.0001
89	0.0018
5107	0.0001
6087	0.0001
8615	0.0001
620	0.0002
268	0.0003
3738	0.0001
2931	0.0001
599	0.0001
3329	0.0001
466	0.0001
1006	0.0002
2634	0.0001
20	0.0057
602	0.0002
3577	0.0001
528	0.0001
682	0.0001
2036	0.0001
1755	0.0001
1483	0.0002
8788	0.0001
2284	0.0001
1693	0.0002
6611	0.0001
2969	0.0001
2274	0.0001
8536	0.0001
8794	0.0001
1640	0.0001
45	0.002
121	0.0004
7955	0.0001
5660	0.0001
7848	0.0001
1075	0.0001
4625	0.0001
461	0.0002
578	0.0002
771	0.0002
366	0.0001
928	0.0001
2560	0.0002
2343	0.0001
439	0.0003
4273	0.0003
2329	0.0001
7173	0.0001
497	0.0002
1149	0.0001
3002	0.0001
692	0.0001
4821	0.0001
149	0.0003
339	0.0002
745	0.0001
592	0.0001
471	0.0001
1648	0.0001
1764	0.0002
350	0.0003
296	0.0004
2552	0.0001
313	0.0001
2535	0.0001
9639	0.0001
192	0.0004
7654	0.0001
1727	0.0001
1388	0.0002
2091	0.0001
1000	0.0001
633	0.0002
1100	0.0001
2705	0.0002
5461	0.0001
1634	0.0001
1111	0.0002
71	0.0018
162	0.0004
643	0.0001
4040	0.0001
881	0.0002
2362	0.0001
501	0.0003
2681	0.0001
1118	0.0002
6204	0.0001
199	0.0006
3874	0.0001
5417	0.0001
495	0.0001
409	0.0002
1514	0.0002
1132	0.0001
229	0.0008
1822	0.0002
807	0.0001
2303	0.0001
3188	0.0001
175	0.0006
39	0.0033
9882	0.0001
8291	0.0001
127	0.0007
7010	0.0001
614	0.0003
1196	0.0003
1533	0.0001
35	0.003
1913	0.0002
1257	0.0002
710	0.0002
4473	0.0001
7233	0.0001
1020	0.0001
5051	0.0001
363	0.0002
284	0.0003
561	0.0003
1272	0.0001
843	0.0002
749	0.0003
5309	0.0001
7815	0.0001
1314	0.0001
8391	0.0001
4312	0.0001
1763	0.0001
252	0.0004
282	0.0002
8754	0.0001
3477	0.0001
1555	0.0002
2066	0.0001
1332	0.0002
1014	0.0001
618	0.0001
9720	0.0001
4053	0.0001
1881	0.0001
159	0.0007
1379	0.0001
611	0.0003
353	0.0003
4931	0.0001
183	0.0004
31	0.0037
141	0.0004
582	0.0002
678	0.0004
3650	0.0001
534	0.0002
511	0.0002
4337	0.0001
866	0.0001
1007	0.0002
689	0.0001
6770	0.0001
3145	0.0001
6141	0.0001
346	0.0003
5058	0.0001
176	0.001
600	0.0001
7157	0.0001
642	0.0001
1941	0.0001
4450	0.0001
532	0.0001
4692	0.0001
8369	0.0001
2751	0.0001
1150	0.0001
5020	0.0001
7580	0.0001
1412	0.0002
1189	0.0002
665	0.0002
529	0.0001
2235	0.0001
4961	0.0001
196	0.0006
502	0.0001
8102	0.0001
9625	0.0001
9866	0.0001
7039	0.0001
1861	0.0002
3146	0.0001
777	0.0001
340	0.0003
496	0.0002
1841	0.0001
516	0.0004
2053	0.0001
248	0.0003
2177	0.0001
47	0.0024
2865	0.0003
188	0.0004
2704	0.0001
256	0.0001
2785	0.0001
4778	0.0001
9149	0.0001
818	0.0001
3449	0.0001
503	0.0002
7750	0.0001
624	0.0001
385	0.0003
1464	0.0001
4502	0.0001
463	0.0001
9592	0.0001
2894	0.0001
8239	0.0001
286	0.0003
630	0.0003
7696	0.0001
1341	0.0001
605	0.0001
1089	0.0002
797	0.0002
3440	0.0002
5112	0.0001
523	0.0001
1340	0.0001
3923	0.0001
5901	0.0001
1751	0.0001
606	0.0002
1079	0.0002
200	0.0011
2356	0.0001
961	0.0001
481	0.0002
580	0.0002
9163	0.0001
1673	0.0001
1275	0.0001
1035	0.0002
139	0.0007
2316	0.0001
663	0.0001
4535	0.0001
4168	0.0001
3914	0.0001
2612	0.0001
2979	0.0001
804	0.0002
1776	0.0001
9282	0.0001
184	0.0003
226	0.0005
1156	0.0002
637	0.0001
1288	0.0001
400	0.0003
4203	0.0001
79	0.0007
455	0.0001
1329	0.0001
4814	0.0001
2991	0.0001
9707	0.0001
320	0.0001
5517	0.0001
212	0.0004
4521	0.0001
527	0.0003
3936	0.0001
7373	0.0001
1126	0.0001
166	0.0008
1339	0.0001
6286	0.0001
5264	0.0001
7950	0.0001
9041	0.0001
7256	0.0001
579	0.0001
3818	0.0001
2685	0.0001
198	0.0007
4560	0.0001
2652	0.0001
1378	0.0001
1627	0.0001
3754	0.0001
5989	0.0001
7138	0.0001
699	0.0003
1759	0.0002
101	0.001
894	0.0002
3931	0.0001
996	0.0002
2082	0.0001
7977	0.0001
919	0.0004
1082	0.0001
8029	0.0001
1235	0.0001
2711	0.0001
2236	0.0001
427	0.0005
428	0.0004
125	0.0009
116	0.0011
799	0.0002
8525	0.0001
8905	0.0001
138	0.0008
6379	0.0001
1005	0.0002
414	0.0002
3281	0.0001
8263	0.0001
52	0.0024
3142	0.0001
2781	0.0001
9649	0.0001
4034	0.0001
2074	0.0001
398	0.0002
525	0.0001
360	0.0004
1085	0.0003
2499	0.0001
344	0.0004
1359	0.0001
7775	0.0001
7999	0.0001
4399	0.0001
438	0.0004
1248	0.0001
1451	0.0001
4314	0.0001
653	0.0002
5857	0.0001
4594	0.0001
2818	0.0001
6927	0.0001
3442	0.0001
650	0.0001
8331	0.0001
6214	0.0001
6111	0.0001
1772	0.0001
441	0.0001
36	0.0024
93	0.0011
785	0.0003
2395	0.0001
4771	0.0001
4247	0.0001
6894	0.0001
3027	0.0001
2466	0.0001
56	0.0023
2588	0.0001
209	0.0004
6889	0.0002
830	0.0002
429	0.0003
2610	0.0001
3594	0.0001
4191	0.0001
99	0.0023
1393	0.0001
3005	0.0001
8721	0.0002
763	0.0002
1632	0.0001
1683	0.0001
988	0.0001
2573	0.0001
458	0.0001
160	0.0008
262	0.0004
5240	0.0001
4261	0.0001
679	0.0002
6237	0.0001
1065	0.0001
672	0.0002
7059	0.0001
1087	0.0001
4903	0.0001
1490	0.0002
3629	0.0001
447	0.0004
392	0.0001
145	0.0004
207	0.0005
7581	0.0001
1282	0.0001
4097	0.0001
1295	0.0002
394	0.0003
137	0.0012
2488	0.0002
482	0.0006
3853	0.0001
69	0.0018
2881	0.0001
5553	0.0001
8477	0.0001
4269	0.0001
6246	0.0002
3125	0.0001
655	0.0001
3124	0.0002
646	0.0003
1216	0.0002
2289	0.0001
1202	0.0001
1051	0.0001
1491	0.0001
6129	0.0001
5271	0.0001
1151	0.0001
1503	0.0001
42	0.0025
2100	0.0001
456	0.0002
453	0.0003
1613	0.0001
6429	0.0001
341	0.0004
5665	0.0001
1667	0.0002
677	0.0001
1097	0.0001
8833	0.0001
4712	0.0001
5035	0.0001
816	0.0001
8985	0.0001
4904	0.0001
9722	0.0001
9888	0.0001
1320	0.0001
1222	0.0002
1400	0.0001
5451	0.0001
1880	0.0001
3388	0.0001
1883	0.0001
2980	0.0001
3561	0.0001
1482	0.0001
63	0.0018
178	0.001
2877	0.0001
821	0.0002
9365	0.0001
4113	0.0001
4081	0.0001
680	0.0002
2743	0.0002
236	0.0003
1347	0.0001
5778	0.0001
1844	0.0001
4072	0.0001
1098	0.0001
9943	0.0001
462	0.0003
822	0.0001
319	0.0003
1210	0.0003
494	0.0001
1231	0.0001
782	0.0001
5331	0.0001
879	0.0001
1252	0.0001
4818	0.0002
352	0.0002
369	0.0003
9896	0.0001
794	0.0003
155	0.0008
142	0.0004
4595	0.0001
4456	0.0001
3392	0.0001
3191	0.0001
1461	0.0001
1158	0.0001
1830	0.0002
57	0.0016
8162	0.0001
3527	0.0001
2874	0.0001
7274	0.0001
8881	0.0002
1094	0.0001
3546	0.0001
103	0.0009
7176	0.0001
66	0.0007
134	0.0009
868	0.0003
1914	0.0001
775	0.0002
1355	0.0001
1338	0.0001
86	0.0008
4094	0.0002
4318	0.0001
842	0.0001
4962	0.0001
8305	0.0001
1554	0.0001
3876	0.0002
124	0.0005
273	0.0004
2345	0.0001
403	0.0001
9714	0.0001
1030	0.0001
835	0.0001
1396	0.0001
5609	0.0001
2992	0.0001
80	0.0008
108	0.0009
1220	0.0001
377	0.0001
374	0.0003
3958	0.0001
4105	0.0001
5543	0.0001
957	0.0002
718	0.0001
470	0.0001
491	0.0001
726	0.0002
781	0.0003
2054	0.0002
8860	0.0001
7325	0.0001
4564	0.0001
1055	0.0002
1166	0.0001
24	0.0042
8673	0.0001
410	0.0002
240	0.0004
1204	0.0002
4774	0.0001
9900	0.0001
3176	0.0001
271	0.0003
3114	0.0001
5306	0.0001
317	0.0004
2080	0.0001
1765	0.0001
4257	0.0001
5642	0.0001
5704	0.0002
3268	0.0001
9159	0.0001
1731	0.0001
3314	0.0001
1311	0.0001
703	0.0001
1124	0.0001
6663	0.0001
3676	0.0001
8963	0.0001
1050	0.0002
487	0.0001
33	0.0028
119	0.0008
1245	0.0001
8019	0.0001
2431	0.0001
7465	0.0001
364	0.0006
1694	0.0001
9075	0.0001
9286	0.0001
6201	0.0001
2457	0.0001
6	0.0198
2774	0.0001
639	0.0001
810	0.0002
914	0.0004
542	0.0004
1045	0.0001
2523	0.0001
301	0.0002
3298	0.0001
219	0.0008
760	0.0002
871	0.0002
5850	0.0001
3413	0.0001
944	0.0002
2655	0.0001
845	0.0002
423	0.0001
622	0.0001
190	0.0004
3504	0.0001
2786	0.0001
8540	0.0001
750	0.0001
38	0.0025
3707	0.0001
1034	0.0001
1048	0.0002
505	0.0002
153	0.0004
3831	0.0001
1157	0.0002
5899	0.0001
5968	0.0001
4836	0.0001
1368	0.0002
2671	0.0001
553	0.0004
3778	0.0001
972	0.0001
764	0.0001
1176	0.0001
758	0.0002
3223	0.0003
382	0.0002
565	0.0001
1542	0.0001
7137	0.0001
2375	0.0001
2843	0.0001
347	0.0004
4398	0.0002
2081	0.0001
975	0.0001
886	0.0001
2291	0.0002
6269	0.0001
1925	0.0001
3369	0.0001
2174	0.0001
1346	0.0001
5316	0.0001
8061	0.0001
1159	0.0001
300	0.0001
910	0.0003
493	0.0004
78	0.0011
7803	0.0001
2373	0.0002
237	0.0003
8097	0.0001
6598	0.0001
5154	0.0001
3930	0.0001
8758	0.0001
3688	0.0001
770	0.0001
243	0.0004
3212	0.0001
5571	0.0001
2278	0.0001
577	0.0001
129	0.0009
2169	0.0001
4035	0.0001
1086	0.0002
929	0.0002
2142	0.0001
7372	0.0001
2321	0.0002
2790	0.0001
6562	0.0001
3791	0.0001
1296	0.0002
277	0.0004
7399	0.0001
7226	0.0001
6751	0.0001
6181	0.0001
3076	0.0001
635	0.0002
1910	0.0001
3589	0.0001
2485	0.0001
4101	0.0002
1360	0.0002
566	0.0002
8948	0.0001
4	0.0269
246	0.0005
767	0.0003
387	0.0003
753	0.0001
96	0.0016
772	0.0003
389	0.0002
3215	0.0001
2075	0.0001
4100	0.0001
5616	0.0001
9825	0.0001
2520	0.0001
40	0.0029
3418	0.0001
205	0.0003
241	0.0004
1137	0.0002
5552	0.0001
1946	0.0001
4397	0.0001
4574	0.0001
6140	0.0001
4500	0.0001
1853	0.0001
652	0.0004
3917	0.0001
757	0.0004
3803	0.0001
2606	0.0002
3070	0.0001
6458	0.0001
1767	0.0001
206	0.0004
4684	0.0003
4637	0.0001
9216	0.0001
1357	0.0001
5413	0.0002
608	0.0002
9652	0.0001
6244	0.0002
8684	0.0001
793	0.0001
1205	0.0002
1892	0.0001
1192	0.0001
1837	0.0002
1997	0.0001
517	0.0001
2039	0.0001
85	0.0012
8380	0.0001
109	0.0013
73	0.0017
9	0.0114
146	0.0008
112	0.0006
298	0.0003
2105	0.0002
576	0.0003
1207	0.0004
1824	0.0001
1054	0.0001
1363	0.0001
140	0.0008
1688	0.0001
2624	0.0001
290	0.0001
2807	0.0002
467	0.0001
1604	0.0002
102	0.0012
1502	0.0001
3382	0.0001
371	0.0001
114	0.001
535	0.0001
5932	0.0001
2542	0.0001
575	0.0001
1215	0.0001
1250	0.0002
257	0.0004
1171	0.0001
19	0.0069
437	0.0002
1129	0.0003
2335	0.0001
297	0.0008
25	0.0045
367	0.0001
1818	0.0002
314	0.0001
232	0.0004
46	0.0025
191	0.0003
3871	0.0001
5084	0.0001
1588	0.0001
1637	0.0002
293	0.0002
1135	0.0001
1800	0.0001
3784	0.0001
1887	0.0001
2616	0.0001
6564	0.0001
220	0.0008
2656	0.0001
832	0.0002
326	0.0004
4204	0.0001
120	0.0009
316	0.0005
180	0.0005
1092	0.0002
1083	0.0001
4424	0.0001
117	0.0009
6243	0.0001
251	0.0001
993	0.0001
1273	0.0002
2757	0.0002
5700	0.0001
2759	0.0001
906	0.0001
7817	0.0001
2701	0.0001
4050	0.0002
136	0.0006
815	0.0002
674	0.0003
280	0.0004
1701	0.0001
2106	0.0001
2430	0.0001
1211	0.0001
3822	0.0001
7916	0.0001
8820	0.0002
964	0.0002
1091	0.0001
1443	0.0001
3224	0.0001
2047	0.0001
685	0.0001
7398	0.0001
288	0.0003
294	0.0001
329	0.0003
715	0.0001
5497	0.0002
488	0.0002
118	0.0007
1771	0.0001
1705	0.0001
1635	0.0001
312	0.0002
922	0.0002
3919	0.0002
2518	0.0001
3926	0.0002
343	0.0001
7935	0.0001
589	0.0001
100	0.0008
72	0.0012
2125	0.0001
907	0.0001
370	0.0004
1403	0.0001
6065	0.0001
90	0.0005
332	0.0005
860	0.0002
6858	0.0001
3992	0.0001
1271	0.0001
9764	0.0001
5761	0.0001
11	0.0085
1566	0.0001
1477	0.0001
743	0.0001
2250	0.0001
905	0.0001
6240	0.0001
267	0.0005
233	0.0002
644	0.0004
2030	0.0001
2451	0.0001
8127	0.0001
2185	0.0001
1031	0.0001
216	0.0006
574	0.0001
9437	0.0001
2633	0.0001
8318	0.0001
641	0.0002
486	0.0003
668	0.0002
6479	0.0001
1836	0.0001
197	0.0005
967	0.0001
1518	0.0001
3143	0.0001
884	0.0001
7811	0.0001
2257	0.0002
3368	0.0002
732	0.0002
2923	0.0001
1943	0.0001
1230	0.0001
623	0.0003
304	0.0004
1019	0.0001
1084	0.0002
2243	0.0001
383	0.0002
876	0.0001
3886	0.0001
5386	0.0001
6375	0.0001
6964	0.0001
6530	0.0001
1730	0.0001
5971	0.0001
335	0.0001
75	0.0015
151	0.0004
7142	0.0001
3948	0.0001
104	0.0006
1737	0.0002
8378	0.0001
798	0.0001
2304	0.0001
992	0.0001
9596	0.0001
1692	0.0002
9085	0.0001
4459	0.0001
1408	0.0001
5123	0.0001
4272	0.0001
8682	0.0001
2794	0.0001
1872	0.0001
1550	0.0002
7304	0.0001
1052	0.0001
651	0.0001
1578	0.0001
2719	0.0001
285	0.0002
195	0.0005
3613	0.0001
432	0.0002
259	0.0004
6886	0.0001
719	0.0001
484	0.0002
2317	0.0002
2562	0.0001
3941	0.0001
3998	0.0001
1025	0.0001
1939	0.0001
9828	0.0001
5128	0.0001
4300	0.0001
3959	0.0001
6301	0.0001
3526	0.0001
2415	0.0002
2476	0.0001
7619	0.0001
911	0.0001
8260	0.0001
7167	0.0001
2682	0.0001
373	0.0005
617	0.0001
3042	0.0001
4164	0.0001
784	0.0001
4226	0.0001
540	0.0002
3599	0.0001
222	0.0004
2742	0.0001
2917	0.0001
1321	0.0001
8419	0.0001
3518	0.0001
1455	0.0001
2811	0.0001
664	0.0001
783	0.0001
5113	0.0001
131	0.0006
3325	0.0001
6849	0.0001
5166	0.0001
1188	0.0003
1954	0.0001
3862	0.0001
7944	0.0001
3963	0.0001
1283	0.0001
734	0.0002
801	0.0002
1033	0.0001
619	0.0003
169	0.0005
1812	0.0001
1096	0.0001
1978	0.0002
1947	0.0001
43	0.0026
549	0.0006
9523	0.0001
2002	0.0001
1746	0.0001
355	0.0003
2853	0.0001
686	0.0002
2330	0.0001
2465	0.0002
6601	0.0001
7321	0.0001
3536	0.0001
9598	0.0001
150	0.0004
3455	0.0001
6623	0.0001
1940	0.0002
1900	0.0001
5759	0.0001
1040	0.0001
1036	0.0001
3373	0.0001
2052	0.0001
84	0.0011
1511	0.0001
473	0.0001
1794	0.0001
289	0.0004
3168	0.0001
1023	0.0002
449	0.0002
59	0.0017
132	0.0006
748	0.0001
4229	0.0001
5	0.0187
1136	0.0001
147	0.0004
1037	0.0002
1840	0.0001
4321	0.0001
3104	0.0001
1615	0.0001
5416	0.0001
2360	0.0001
1236	0.0003
8802	0.0001
2996	0.0001
275	0.0003
1478	0.0001
1742	0.0002
498	0.0003
413	0.0001
547	0.0003
1480	0.0001
3584	0.0001
1392	0.0001
2008	0.0001
5457	0.0001
2961	0.0001
5317	0.0001
179	0.0006
1909	0.0001
5948	0.0001
7556	0.0001
9729	0.0001
3799	0.0001
4276	0.0001
1728	0.0001
9158	0.0001
5223	0.0001
6742	0.0001
803	0.0001
357	0.0001
391	0.0001
792	0.0001
213	0.0005
3397	0.0001
3058	0.0002
722	0.0001
390	0.0002
584	0.0005
6167	0.0001
228	0.0001
995	0.0002
418	0.0002
263	0.0003
889	0.0001
4815	0.0001
143	0.0009
4615	0.0001
208	0.0003
1448	0.0002
5297	0.0001
6985	0.0001
9931	0.0001
1041	0.0002
2361	0.0001
1869	0.0001
1668	0.0001
3337	0.0001
83	0.002
2079	0.0001
1003	0.0001
1641	0.0001
245	0.0002
1945	0.0001
9296	0.0001
893	0.0001
5083	0.0001
105	0.0005
2340	0.0001
2789	0.0002
3995	0.0001
2450	0.0001
1446	0.0001
82	0.0018
3809	0.0001
4082	0.0001
2668	0.0001
1219	0.0001
671	0.0001
2921	0.0001
2820	0.0001
7733	0.0001
973	0.0001
264	0.0002
253	0.0006
500	0.0004
106	0.0007
1979	0.0001
3940	0.0001
2449	0.0001
23	0.005
825	0.0001
87	0.001
1707	0.0002
1404	0.0001
562	0.0002
2460	0.0001
1249	0.0001
648	0.0003
506	0.0003
9187	0.0001
1565	0.0001
173	0.0005
571	0.0002
837	0.0001
5061	0.0001
1736	0.0002
165	0.0004
569	0.0001
950	0.0001
711	0.0001
444	0.0001
9627	0.0001
2658	0.0001
1049	0.0001
6116	0.0001
7662	0.0001
2409	0.0002
5792	0.0001
3173	0.0001
8179	0.0001
1244	0.0001
396	0.0002
970	0.0002
306	0.0005
895	0.0001
2504	0.0001
1471	0.0001
2258	0.0001
1183	0.0002
901	0.0002
2943	0.0001
1600	0.0001
2042	0.0001
544	0.0002
144	0.0009
2888	0.0001
1570	0.0001
2327	0.0001
249	0.0004
1636	0.0001
2541	0.0002
3843	0.0001
658	0.0002
2455	0.0001
585	0.0001
1027	0.0002
464	0.0004
2643	0.0001
616	0.0002
4200	0.0001
358	0.0003
2674	0.0001
4236	0.0001
3513	0.0001
1251	0.0001
604	0.0001
15	0.0061
161	0.0006
6088	0.0001
460	0.0001
1810	0.0001
504	0.0004
3663	0.0001
97	0.0007
740	0.0001
1563	0.0001
1178	0.0001
76	0.0008
2282	0.0001
2195	0.0001
9916	0.0001
5023	0.0001
5459	0.0001
1160	0.0001
5250	0.0001
255	0.0004
7097	0.0001
4240	0.0001
81	0.0011
1852	0.0001
5979	0.0001
1152	0.0002
1698	0.0001
91	0.0007
2071	0.0001
840	0.0001
508	0.0002
30	0.0047
1857	0.0001
862	0.0002
5366	0.0001
9387	0.0001
1449	0.0002
684	0.0001
1123	0.0001
831	0.0004
1768	0.0001
321	0.0001
1361	0.0001
8054	0.0001
6199	0.0001
266	0.0003
863	0.0004
849	0.0001
1621	0.0001
6527	0.0001
1	0.066
7	0.0164
590	0.0001
1028	0.0001
2315	0.0001
307	0.0001
4209	0.0001
333	0.0001
490	0.0004
7210	0.0001
3107	0.0001
194	0.0004
2406	0.0001
6633	0.0001
1519	0.0001
8215	0.0001
393	0.0002
3117	0.0002
5619	0.0001
8456	0.0001
4341	0.0001
6008	0.0001
1366	0.0001
302	0.0001
2760	0.0001
1778	0.0001
4194	0.0001
615	0.0003
3520	0.0001
4153	0.0001
1125	0.0001
2302	0.0001
903	0.0001
5847	0.0001
26	0.0047
939	0.0001
379	0.0002
9073	0.0001
510	0.0001
4089	0.0001
250	0.0002
6120	0.0001
8439	0.0001
9062	0.0001
9031	0.0001
380	0.0002
2825	0.0002
5424	0.0001
5244	0.0001
2635	0.0001
6265	0.0001
1227	0.0001
10	0.0111
67	0.0019
1164	0.0003
5164	0.0001
310	0.0003
2521	0.0001
1010	0.0001
3030	0.0001
2000	0.0001
581	0.0002
6448	0.0001
1625	0.0001
4539	0.0001
354	0.0003
892	0.0002
2906	0.0001
1586	0.0001
2577	0.0001
1112	0.0001
1469	0.0001
9138	0.0001
632	0.0001
3275	0.0001
177	0.0009
5327	0.0001
5456	0.0001
3870	0.0001
683	0.0001
3824	0.0001
8988	0.0001
7909	0.0001
6418	0.0001
2683	0.0001
395	0.0002
1193	0.0001
171	0.0006
839	0.0002
7798	0.0001
276	0.0005
2629	0.0001
524	0.0002
2164	0.0001
2005	0.0001
621	0.0001
2608	0.0001
163	0.0005
923	0.0001
4015	0.0001
698	0.0002
3906	0.0001
6821	0.0001
77	0.0016
2181	0.0001
4657	0.0001
1797	0.0001
5867	0.0001
2473	0.0001
1747	0.0001
3588	0.0001
3580	0.0001
3554	0.0001
6640	0.0001
627	0.0001
3219	0.0002
1342	0.0001
1933	0.0001
2065	0.0001
4465	0.0001
557	0.0002
270	0.0003
739	0.0001
522	0.0001
48	0.0025
978	0.0002
157	0.0005
1643	0.0001
6210	0.0001
68	0.0016
1237	0.0002
1515	0.0001
2076	0.0001
896	0.0001
2086	0.0001
1013	0.0001
74	0.0016
202	0.0004
334	0.0003
823	0.0002
283	0.0003
568	0.0002
829	0.0003
126	0.0009
476	0.0001
41	0.0024
123	0.0013
4569	0.0001
135	0.0005
1243	0.0002
338	0.0002
786	0.0001
451	0.0001
945	0.0001
37	0.0028
5019	0.0001
299	0.0003
201	0.0002
5408	0.0001
122	0.0012
5914	0.0001
1186	0.0003
4023	0.0001
2092	0.0001
2307	0.0001
545	0.0002
185	0.0005
983	0.0001
4603	0.0001
573	0.0001
952	0.0001
4982	0.0002
2734	0.0001
2957	0.0001
274	0.0001
53	0.0021
3902	0.0001
1175	0.0001
2144	0.0001
7300	0.0001
187	0.0007
3611	0.0001
752	0.0002
445	0.0002
2285	0.0001
1116	0.0001
2011	0.0001
2762	0.0001
330	0.0002
947	0.0001
130	0.0005
1297	0.0001
676	0.0001
32	0.0049
154	0.0007
54	0.0017
6159	0.0001
4284	0.0001
6774	0.0002
1762	0.0002
2551	0.0001
215	0.0006
365	0.0003
170	0.0005
5299	0.0001
744	0.0001
4152	0.0001
308	0.0003
4018	0.0001
4196	0.0001
1658	0.0001
95	0.0009
1198	0.0002
564	0.0002
7066	0.0001
5255	0.0001
1409	0.0001
21	0.004
278	0.0003
64	0.0016
225	0.0006
755	0.0001
269	0.0005
2800	0.0001
3	0.0316
61	0.0019
3183	0.0001
2507	0.0001
2326	0.0001
1702	0.0002
6703	0.0001
735	0.0002
932	0.0001
303	0.0003
6114	0.0001
858	0.0001
1952	0.0001
2024	0.0001
1103	0.0001
2034	0.0001
4764	0.0001
3416	0.0001
918	0.0001
388	0.0004
1645	0.0001
2070	0.0001
3426	0.0001
2604	0.0002
3344	0.0001
472	0.0001
7435	0.0001
8450	0.0001
4000	0.0001
6522	0.0001
3038	0.0001
372	0.0003
239	0.0007
6906	0.0001
1965	0.0001
1457	0.0001
2056	0.0001
474	0.0006
5071	0.0001
1200	0.0002
1628	0.0001
572	0.0001
3745	0.0001
2392	0.0001
768	0.0004
111	0.0006
483	0.0004
908	0.0002
8530	0.0001
4278	0.0001
9752	0.0001
7562	0.0001
16	0.0073
5062	0.0001
4104	0.0001
8069	0.0001
3494	0.0002
688	0.0003
6328	0.0001
736	0.0006
2374	0.0002
6232	0.0001
6321	0.0001
949	0.0001
634	0.0003
8312	0.0001
3304	0.0001
7336	0.0001
1259	0.0002
3793	0.0001
1046	0.0001
3827	0.0001
1240	0.0001
1119	0.0001
2234	0.0001
167	0.0006
808	0.0002
4890	0.0001
5956	0.0001
2847	0.0002
836	0.0002
7783	0.0001
211	0.0003
244	0.0004
227	0.0002
625	0.0001
164	0.0005
7547	0.0001
480	0.0001
4804	0.0001
2543	0.0002
695	0.0001
603	0.0002
3130	0.0001
8214	0.0001
6636	0.0001
690	0.0001
6160	0.0001
214	0.0007
3401	0.0001
181	0.0006
8908	0.0001
567	0.0003
223	0.0005
1382	0.0002
6626	0.0001
424	0.0001
844	0.0001
88	0.0004
7147	0.0001
2549	0.0001
2563	0.0001
6707	0.0001
331	0.0001
1733	0.0002
3195	0.0001
8566	0.0001
4202	0.0001
401	0.0004
9114	0.0001
295	0.0002
172	0.0009
669	0.0003
2960	0.0001
9762	0.0002
1206	0.0001
519	0.0003
1440	0.0002
930	0.0001
864	0.0001
4433	0.0001
4225	0.0001
376	0.0002
9081	0.0001
1256	0.0002
3093	0.0001
2387	0.0001
402	0.0001
6922	0.0001
4049	0.0001
933	0.0001
3089	0.0001
2600	0.0001
92	0.0006
234	0.0004
17	0.005
541	0.0002
446	0.0004
115	0.0006
3762	0.0001
311	0.0002
4577	0.0001
3417	0.0002
128	0.0007
475	0.0002
867	0.0003
305	0.0001
4460	0.0001
55	0.0011
697	0.0002
4218	0.0001
9262	0.0001
2138	0.0001
9548	0.0001
6025	0.0001
94	0.0009
1487	0.0001
189	0.0008
920	0.0002
5584	0.0001
709	0.0001
7400	0.0001
5437	0.0001
1633	0.0002
27	0.005
731	0.0002
5673	0.0001
3023	0.0001
3912	0.0001
3399	0.0002
1115	0.0001
6471	0.0001
3667	0.0001
4776	0.0001
1820	0.0001
113	0.0008
50	0.002
6596	0.0001
1888	0.0001
802	0.0001
13	0.0072
2461	0.0001
706	0.0002
448	0.0001
478	0.0002
852	0.0003
2693	0.0001
260	0.0001
6988	0.0001
6754	0.0001
3913	0.0001
98	0.0009
2429	0.0001
3732	0.0001
1475	0.0001
2915	0.0001
4923	0.0001
6667	0.0001
425	0.0003
1127	0.0001
287	0.0003
1510	0.0001
349	0.0001
1190	0.0001
5159	0.0001
3901	0.0001
442	0.0002
2595	0.0001
242	0.0004
1017	0.0001
351	0.0002
597	0.0003
158	0.0009
5648	0.0001
3868	0.0002
1269	0.0001
356	0.0001
3487	0.0001
3938	0.0001
489	0.0001
828	0.0002
826	0.0001
70	0.0016
148	0.0011
1795	0.0002
6346	0.0001
499	0.0001
675	0.0003
3610	0.0001
231	0.0004
2758	0.0001
1180	0.0001
1816	0.0001
7384	0.0001
773	0.0002
468	0.0003
1246	0.0001
4789	0.0001
5086	0.0003
378	0.0002
2087	0.0001
1108	0.0001
9907	0.0001
6706	0.0001
5973	0.0002
1225	0.0001
2769	0.0001
4754	0.0002
8795	0.0001
550	0.0002
5685	0.0001
421	0.0005
2747	0.0002
261	0.0004
4414	0.0001
2077	0.0001
3815	0.0001
888	0.0002
2149	0.0001
4161	0.0001
2	0.0452
9902	0.0001
7953	0.0001
309	0.0001
824	0.0001
713	0.0001
18	0.0054
51	0.0018
1792	0.0001
1516	0.0001
7309	0.0001
1749	0.0001
1585	0.0001
62	0.0017
3543	0.0001
368	0.0001
4415	0.0001
5959	0.0001
3624	0.0002
1631	0.0001
7324	0.0001
6749	0.0001
469	0.0003
659	0.0002
779	0.0002
6587	0.0001
4761	0.0001
976	0.0001
1141	0.0001
591	0.0002
1078	0.0001
4063	0.0001
9527	0.0001
4682	0.0001
2270	0.0002
2097	0.0001
787	0.0001
204	0.0006
1488	0.0001
2467	0.0001
1004	0.0002
512	0.0001
272	0.0004
34	0.0032
2150	0.0001
3710	0.0001
452	0.0002
4893	0.0001
609	0.0001
2645	0.0001
1254	0.0001
790	0.0002
2269	0.0001
588	0.0002
6740	0.0001
328	0.0002
1968	0.0001
4313	0.0001
348	0.0001
1654	0.0001
1434	0.0002
4820	0.0001
7005	0.0001
2848	0.0001
5492	0.0001
2021	0.0001
65	0.0017
405	0.0002
6439	0.0001
776	0.0004
8816	0.0001
2242	0.0001
2628	0.0001
1298	0.0001
2223	0.0002
3591	0.0001
6064	0.0001
5686	0.0001
4667	0.0001
1974	0.0001
654	0.0003
152	0.0005
1867	0.0001
3423	0.0001
1704	0.0001
7043	0.0001
1725	0.0001
994	0.0002
780	0.0002
7924	0.0001
667	0.0001
230	0.0005
5639	0.0001
556	0.0001
2088	0.0001
397	0.0004
4597	0.0001
1823	0.0001
454	0.0003
598	0.0002
1799	0.0001
7518	0.0001
2641	0.0001
7057	0.0001
6885	0.0002
2974	0.0001
7196	0.0001
22	0.0057
174	0.0006
531	0.0001
9221	0.0001
2173	0.0001
224	0.0004
4591	0.0001
168	0.0001
58	0.0014
318	0.0003
281	0.0005
2845	0.0001
551	0.0004
182	0.0007
6183	0.0001
2051	0.0001
9281	0.0001
514	0.0001
2068	0.0001
443	0.0003
612	0.0002
2179	0.0001
8822	0.0001
336	0.0003
434	0.0002
485	0.0002
2538	0.0001
315	0.0003
5981	0.0001
6153	0.0001
2842	0.0001
44	0.0025
477	0.0005
291	0.0003
3301	0.0001
2244	0.0001
2001	0.0001
327	0.0003
2898	0.0002
1194	0.0001
1630	0.0001
1847	0.0001
1062	0.0001
3345	0.0001
49	0.0022
2631	0.0001
727	0.0001
909	0.0001
774	0.0001
959	0.0001
9098	0.0001
8077	0.0001
694	0.0001
628	0.0001
2557	0.0001
2017	0.0001
9072	0.0001
3921	0.0001
186	0.0005
431	0.0002
408	0.0004
1926	0.0001
3258	0.0001
430	0.0002
247	0.0006
1264	0.0001
6125	0.0001
1232	0.0001
3026	0.0001
110	0.0008
6956	0.0001
28	0.0037
1177	0.0001
6293	0.0001
6089	0.0001
3203	0.0001
6304	0.0001
375	0.0001
218	0.0008
1538	0.0001
738	0.0001
1140	0.0001
436	0.0001
1785	0.0002
9224	0.0001
3555	0.0001
459	0.0001
450	0.0001
8714	0.0001
1559	0.0001
6692	0.0001
345	0.0004
515	0.0007
1032	0.0001
2766	0.0001
2799	0.0001
2331	0.0001
636	0.0001
1639	0.0001
4290	0.0001
7824	0.0001
422	0.0003
1424	0.0001
662	0.0002
1647	0.0001
4085	0.0002
2402	0.0001
9042	0.0001
133	0.0005
1473	0.0002
819	0.0001
221	0.0005
7177	0.0001
4540	0.0001
5460	0.0001
107	0.0007
407	0.0002
2295	0.0001
3565	0.0001
3299	0.0001
1039	0.0001
433	0.0002
238	0.0002
1181	0.0001
3780	0.0001
1315	0.0001
3022	0.0001
5824	0.0001
1107	0.0002
8	0.012
1956	0.0001
7253	0.0001
193	0.0002
902	0.0001
5435	0.0001
420	0.0002
3349	0.0001
3199	0.0001
29	0.0043
2445	0.0001
2425	0.0001
6765	0.0001
