8940	0.0001
48992	0.0001
22425	0.0001
1036	0.0001
13108	0.0001
99352	0.0001
54199	0.0001
2645	0.0001
6968	0.0001
1503	0.0001
49008	0.0001
248	0.0002
9964	0.0001
3599	0.0001
269	0.0001
2370	0.0001
276	0.0005
2853	0.0001
18700	0.0001
5541	0.0001
3700	0.0001
14496	0.0001
5053	0.0001
106	0.0008
331	0.0003
7577	0.0001
603	0.0001
164	0.0004
727	0.0003
579	0.0001
13973	0.0001
56029	0.0001
8717	0.0001
862	0.0001
1018	0.0001
67157	0.0001
54930	0.0001
33533	0.0001
428	0.0001
708	0.0002
23	0.0038
4438	0.0001
30743	0.0001
2397	0.0001
989	0.0001
38497	0.0001
1358	0.0002
24769	0.0001
34	0.0018
699	0.0002
721	0.0001
10546	0.0001
549	0.0004
57045	0.0001
13917	0.0001
271	0.0001
831	0.0002
1622	0.0002
3973	0.0002
1570	0.0002
43842	0.0001
15733	0.0001
695	0.0001
1293	0.0001
13	0.0074
8587	0.0001
21366	0.0001
33463	0.0001
392	0.0001
43074	0.0001
29744	0.0001
43144	0.0001
127	0.0006
8868	0.0001
80465	0.0001
39674	0.0001
1260	0.0002
22862	0.0001
1857	0.0001
657	0.0002
2624	0.0001
409	0.0004
83265	0.0001
374	0.0001
1129	0.0001
17757	0.0001
575	0.0001
152	0.0003
1495	0.0001
54	0.0017
3761	0.0001
7792	0.0001
6199	0.0001
20892	0.0001
48633	0.0001
208	0.0005
3359	0.0001
24914	0.0001
968	0.0001
25833	0.0001
915	0.0001
278	0.0003
37810	0.0001
5536	0.0001
1464	0.0001
30325	0.0001
10098	0.0001
11100	0.0001
362	0.0001
645	0.0001
6496	0.0001
361	0.0002
68769	0.0001
792	0.0005
599	0.0001
2223	0.0001
1122	0.0001
27149	0.0001
30097	0.0001
29335	0.0001
6182	0.0001
6467	0.0001
4365	0.0001
10633	0.0001
3792	0.0001
3463	0.0001
8466	0.0001
17530	0.0001
1041	0.0001
24784	0.0001
383	0.0003
42	0.0012
57603	0.0001
14556	0.0001
4101	0.0001
18562	0.0001
4484	0.0001
63061	0.0001
5061	0.0002
3446	0.0001
28915	0.0001
16647	0.0001
130	0.0007
38865	0.0001
26567	0.0001
3143	0.0001
10251	0.0001
4534	0.0001
2332	0.0001
7447	0.0001
5159	0.0001
63858	0.0001
656	0.0001
45706	0.0001
47941	0.0002
1602	0.0001
1655	0.0001
228	0.0005
48080	0.0001
702	0.0002
1649	0.0001
2057	0.0001
99734	0.0001
574	0.0001
250	0.0004
51	0.0014
1398	0.0002
23958	0.0001
19987	0.0001
16537	0.0001
214	0.0008
404	0.0004
5491	0.0001
18383	0.0001
34623	0.0001
117	0.0007
736	0.0001
71125	0.0001
44541	0.0001
1951	0.0001
48276	0.0001
150	0.0009
909	0.0001
13327	0.0001
2797	0.0001
195	0.0003
2519	0.0001
73600	0.0001
2495	0.0002
4112	0.0002
4415	0.0001
39127	0.0001
5587	0.0001
1057	0.0001
11179	0.0001
59068	0.0001
1527	0.0001
1673	0.0002
44468	0.0001
18556	0.0001
13557	0.0001
11758	0.0001
1143	0.0001
1851	0.0001
879	0.0002
8429	0.0001
12721	0.0001
4260	0.0001
23167	0.0001
46013	0.0001
7904	0.0002
46563	0.0001
72	0.001
244	0.0004
301	0.0005
483	0.0001
946	0.0002
16222	0.0001
4817	0.0001
116	0.0006
1134	0.0001
8251	0.0001
91359	0.0001
2597	0.0001
3871	0.0001
58083	0.0001
14468	0.0001
4606	0.0001
532	0.0002
19262	0.0001
1823	0.0001
14355	0.0001
85238	0.0001
1885	0.0001
767	0.0001
44883	0.0001
19408	0.0001
50022	0.0001
5289	0.0001
90163	0.0001
40	0.0021
33204	0.0001
9152	0.0002
5765	0.0001
504	0.0001
51006	0.0001
23261	0.0001
7276	0.0001
20109	0.0001
155	0.0006
552	0.0001
4655	0.0001
609	0.0001
64136	0.0001
23758	0.0001
10294	0.0001
5802	0.0001
24983	0.0001
12619	0.0001
19168	0.0001
1146	0.0001
25070	0.0001
8033	0.0001
1790	0.0001
4886	0.0001
53616	0.0001
20008	0.0001
6653	0.0001
15739	0.0001
26406	0.0001
4843	0.0001
516	0.0001
9664	0.0001
22561	0.0001
1556	0.0002
19243	0.0001
33762	0.0001
70997	0.0001
8184	0.0001
839	0.0002
365	0.0005
62131	0.0001
15535	0.0001
1539	0.0001
75455	0.0001
38295	0.0001
46	0.0021
21316	0.0001
135	0.0004
346	0.0004
5402	0.0001
4849	0.0001
359	0.0001
71	0.0021
25683	0.0001
6611	0.0001
5883	0.0001
639	0.0001
960	0.0001
758	0.0003
13879	0.0001
478	0.0001
28036	0.0001
5075	0.0001
1660	0.0001
661	0.0002
602	0.0001
589	0.0001
583	0.0002
30	0.0042
7812	0.0002
1103	0.0001
750	0.0002
12750	0.0001
2367	0.0001
8289	0.0001
102	0.0005
96276	0.0001
728	0.0002
7483	0.0001
3646	0.0001
36447	0.0001
1406	0.0001
133	0.0008
3142	0.0001
58779	0.0001
45767	0.0002
1822	0.0001
266	0.0003
2001	0.0001
32054	0.0001
96	0.001
4224	0.0001
1164	0.0001
1356	0.0002
550	0.0003
9647	0.0001
51584	0.0001
14349	0.0001
16374	0.0001
31876	0.0001
4409	0.0001
5190	0.0001
1487	0.0001
3586	0.0001
5432	0.0001
61	0.0016
8031	0.0001
37289	0.0001
39327	0.0001
10928	0.0001
817	0.0001
2887	0.0001
52	0.0019
92185	0.0001
4092	0.0001
4754	0.0001
1186	0.0002
762	0.0002
1144	0.0001
65	0.0016
38484	0.0001
4490	0.0001
44	0.0019
990	0.0003
9579	0.0001
43028	0.0001
27489	0.0002
2500	0.0002
1016	0.0001
11582	0.0001
1035	0.0001
97	0.0012
644	0.0001
14387	0.0001
16467	0.0001
1801	0.0001
79465	0.0001
4126	0.0001
61506	0.0001
6912	0.0001
1984	0.0002
621	0.0003
2074	0.0001
16726	0.0001
1301	0.0001
13560	0.0001
16538	0.0001
91667	0.0001
3657	0.0001
163	0.0005
35418	0.0001
2154	0.0002
9231	0.0001
17297	0.0001
600	0.0002
18069	0.0001
1966	0.0001
207	0.0003
22987	0.0001
334	0.0003
275	0.0004
7957	0.0001
68598	0.0001
19669	0.0001
190	0.0001
7139	0.0001
49428	0.0001
956	0.0001
674	0.0001
7335	0.0001
2376	0.0002
317	0.0002
2821	0.0001
0	0.1313
5	0.0189
172	0.0003
1169	0.0003
185	0.0003
3897	0.0001
7449	0.0001
50445	0.0001
80124	0.0001
1896	0.0001
245	0.0004
2114	0.0001
45344	0.0001
2284	0.0001
1524	0.0003
1381	0.0001
514	0.0001
821	0.0001
2436	0.0001
50936	0.0001
79	0.0015
1040	0.0001
81929	0.0001
337	0.0002
91614	0.0001
8936	0.0001
626	0.0003
1975	0.0001
73	0.0008
1741	0.0001
884	0.0001
1514	0.0001
342	0.0004
1583	0.0002
1047	0.0001
4142	0.0001
294	0.0001
58651	0.0001
12212	0.0001
25657	0.0001
1472	0.0001
2827	0.0001
524	0.0001
33333	0.0001
13233	0.0001
1769	0.0001
12523	0.0001
5107	0.0001
24008	0.0001
25033	0.0001
28595	0.0001
231	0.0001
13059	0.0001
9766	0.0001
64	0.0014
10272	0.0001
1079	0.0002
1940	0.0001
88711	0.0001
8963	0.0001
13179	0.0001
477	0.0003
18468	0.0001
83	0.0005
2768	0.0001
803	0.0001
179	0.0001
517	0.0001
3120	0.0001
18209	0.0001
61176	0.0001
5936	0.0001
871	0.0001
203	0.0001
4198	0.0001
420	0.0003
48892	0.0001
598	0.0002
19404	0.0001
10076	0.0001
171	0.0008
1662	0.0001
5335	0.0001
17874	0.0001
3488	0.0001
46267	0.0001
25955	0.0001
84098	0.0001
1979	0.0001
1248	0.0001
242	0.0002
3177	0.0001
5242	0.0001
10490	0.0001
43232	0.0001
2815	0.0001
476	0.0003
311	0.0003
1621	0.0001
407	0.0001
16458	0.0001
7714	0.0001
944	0.0002
15021	0.0001
1618	0.0001
619	0.0001
3322	0.0001
23020	0.0001
13207	0.0001
27	0.0034
3241	0.0001
19461	0.0001
204	0.0004
73093	0.0001
12753	0.0001
460	0.0001
20666	0.0001
309	0.0004
9181	0.0001
76142	0.0001
6792	0.0001
24	0.0042
123	0.0008
65225	0.0001
295	0.0002
1576	0.0001
1727	0.0001
834	0.0002
1619	0.0001
21504	0.0001
3158	0.0001
1058	0.0003
16898	0.0001
3654	0.0001
32812	0.0001
1163	0.0002
8262	0.0001
12327	0.0001
22639	0.0001
5357	0.0001
4202	0.0001
39508	0.0001
39381	0.0001
3136	0.0001
2677	0.0001
453	0.0005
90335	0.0001
58592	0.0001
1189	0.0001
2672	0.0001
99166	0.0001
1199	0.0002
771	0.0001
1001	0.0001
234	0.0005
91744	0.0001
1715	0.0001
39082	0.0001
96595	0.0001
1287	0.0001
8052	0.0001
6017	0.0001
7909	0.0001
38132	0.0001
3400	0.0001
558	0.0001
8774	0.0001
543	0.0001
910	0.0001
3069	0.0001
52399	0.0001
13362	0.0001
29607	0.0001
73427	0.0001
75938	0.0001
1276	0.0001
6151	0.0001
14971	0.0001
4898	0.0001
17	0.0044
109	0.0011
1724	0.0003
153	0.0009
321	0.0004
4141	0.0001
77588	0.0001
3697	0.0001
192	0.0003
10266	0.0001
140	0.0005
289	0.0003
1390	0.0001
1372	0.0001
869	0.0002
89047	0.0001
1000	0.0002
2178	0.0001
813	0.0001
3226	0.0001
52682	0.0001
8591	0.0001
42701	0.0001
2620	0.0001
4816	0.0001
51127	0.0001
2290	0.0001
2174	0.0001
850	0.0001
70136	0.0001
15	0.0045
8755	0.0001
233	0.0008
3376	0.0001
1973	0.0001
108	0.0005
9869	0.0001
20908	0.0001
802	0.0001
4735	0.0001
4850	0.0001
29902	0.0001
1387	0.0001
347	0.0003
2061	0.0001
2586	0.0001
1313	0.0001
28658	0.0001
75967	0.0001
3554	0.0001
535	0.0002
3711	0.0001
99	0.0018
51073	0.0001
59838	0.0001
75800	0.0001
3531	0.0001
39254	0.0001
18501	0.0001
16018	0.0001
13783	0.0001
33	0.0025
10517	0.0001
2911	0.0001
406	0.0001
6739	0.0001
35020	0.0001
21436	0.0001
325	0.0005
35918	0.0001
56805	0.0001
17833	0.0001
4402	0.0001
74	0.0018
11714	0.0001
209	0.0002
436	0.0002
1537	0.0001
1089	0.0002
442	0.0003
221	0.0001
6765	0.0001
3354	0.0001
2141	0.0001
53170	0.0001
5219	0.0001
553	0.0002
4525	0.0001
13677	0.0001
34157	0.0001
1340	0.0001
4505	0.0001
555	0.0001
14572	0.0001
3810	0.0001
57945	0.0001
403	0.0001
611	0.0001
5555	0.0001
20498	0.0001
2161	0.0001
2314	0.0001
272	0.0002
681	0.0001
9053	0.0001
8650	0.0001
193	0.0003
864	0.0003
44574	0.0001
4001	0.0001
1378	0.0001
3564	0.0001
729	0.0003
7452	0.0001
5896	0.0001
4526	0.0001
226	0.0003
985	0.0001
2807	0.0001
536	0.0001
385	0.0001
4799	0.0001
21163	0.0001
77181	0.0001
54915	0.0001
4088	0.0001
201	0.0004
5454	0.0001
766	0.0002
7408	0.0001
196	0.0004
10700	0.0001
17325	0.0001
5749	0.0001
12365	0.0001
6574	0.0001
38294	0.0001
23861	0.0001
15817	0.0001
24679	0.0001
5738	0.0001
5471	0.0001
81655	0.0001
3620	0.0001
66	0.0017
13760	0.0001
42612	0.0001
1716	0.0001
4598	0.0001
8935	0.0001
48956	0.0001
8	0.0115
9217	0.0001
73017	0.0001
1048	0.0001
75240	0.0001
1343	0.0001
2894	0.0001
1043	0.0002
15644	0.0001
7851	0.0001
15765	0.0001
7784	0.0001
3507	0.0001
2940	0.0001
60664	0.0001
604	0.0001
304	0.0004
31331	0.0001
13481	0.0001
484	0.0002
173	0.0005
26582	0.0001
3100	0.0001
4913	0.0001
9256	0.0001
3731	0.0001
561	0.0001
19	0.0063
70445	0.0001
450	0.0003
115	0.0005
65200	0.0001
650	0.0001
84625	0.0001
67	0.001
471	0.0001
10847	0.0001
898	0.0001
1997	0.0001
3803	0.0001
5151	0.0001
4566	0.0001
93	0.0012
8603	0.0001
819	0.0001
17866	0.0001
4903	0.0001
4658	0.0001
4542	0.0001
75289	0.0001
6637	0.0001
7576	0.0001
3616	0.0001
61688	0.0001
19358	0.0001
354	0.0003
227	0.0004
1592	0.0001
212	0.0005
3778	0.0001
3337	0.0001
168	0.0001
50766	0.0001
28017	0.0001
37381	0.0001
22226	0.0001
2418	0.0001
20237	0.0001
44004	0.0001
47775	0.0001
22081	0.0001
1585	0.0001
56339	0.0001
3796	0.0001
9907	0.0001
18421	0.0001
56706	0.0001
3746	0.0001
3548	0.0001
15873	0.0001
21941	0.0001
10296	0.0001
29330	0.0001
98	0.001
215	0.0004
5520	0.0002
34472	0.0001
1691	0.0001
2018	0.0001
2050	0.0001
6715	0.0001
180	0.0007
12657	0.0001
2222	0.0001
1374	0.0003
5213	0.0001
178	0.0001
590	0.0002
6634	0.0001
10937	0.0001
1699	0.0001
1418	0.0001
46474	0.0001
22846	0.0001
41026	0.0001
20059	0.0001
156	0.0006
7996	0.0001
1802	0.0001
4125	0.0001
3160	0.0001
13965	0.0001
14722	0.0001
110	0.0006
3036	0.0001
11864	0.0001
96611	0.0001
11771	0.0001
66896	0.0001
58	0.002
19955	0.0001
19888	0.0001
2230	0.0001
1760	0.0001
240	0.0006
2025	0.0001
3345	0.0001
6464	0.0001
35574	0.0001
260	0.0002
1327	0.0003
191	0.0004
158	0.0007
779	0.0001
3949	0.0001
988	0.0001
2081	0.0001
643	0.0001
4287	0.0001
18805	0.0001
1708	0.0001
19456	0.0001
4063	0.0001
747	0.0001
15517	0.0001
707	0.0002
4929	0.0001
1641	0.0001
65852	0.0001
21386	0.0001
1022	0.0001
732	0.0002
263	0.0004
35394	0.0001
360	0.0002
3557	0.0001
8969	0.0001
52258	0.0001
54750	0.0001
7645	0.0001
1743	0.0001
31558	0.0001
1793	0.0001
780	0.0001
2943	0.0001
42734	0.0001
4085	0.0001
930	0.0001
1679	0.0002
26821	0.0001
166	0.0007
6896	0.0001
1905	0.0001
75345	0.0001
16923	0.0001
15223	0.0001
2662	0.0001
2855	0.0001
2020	0.0001
4086	0.0001
1625	0.0001
26588	0.0001
43562	0.0001
9431	0.0001
28752	0.0001
2422	0.0001
76	0.0008
422	0.0004
451	0.0002
1303	0.0001
638	0.0002
3782	0.0001
11386	0.0001
316	0.0002
19374	0.0001
8686	0.0001
8241	0.0001
5515	0.0001
746	0.0001
2323	0.0001
2567	0.0001
2667	0.0001
23058	0.0001
1705	0.0002
27834	0.0001
61210	0.0001
50187	0.0001
1345	0.0002
2448	0.0001
19724	0.0001
1153	0.0002
10935	0.0001
2429	0.0001
1573	0.0001
684	0.0002
2049	0.0003
3065	0.0001
59858	0.0001
2236	0.0001
85	0.0014
350	0.0003
2103	0.0001
387	0.0001
19187	0.0001
339	0.0002
7391	0.0001
6085	0.0001
149	0.0002
911	0.0002
1288	0.0001
4299	0.0001
249	0.0003
170	0.0008
8098	0.0001
349	0.0002
5967	0.0001
1234	0.0001
56913	0.0001
394	0.0002
943	0.0001
1075	0.0002
1431	0.0001
6903	0.0001
92142	0.0001
74921	0.0001
26844	0.0001
277	0.0005
3014	0.0001
2657	0.0001
1692	0.0001
13238	0.0001
10931	0.0001
1354	0.0001
3807	0.0001
27245	0.0001
79919	0.0001
759	0.0001
10484	0.0001
26785	0.0001
6343	0.0001
98333	0.0001
23872	0.0001
881	0.0001
17917	0.0001
39	0.0022
42702	0.0001
78195	0.0001
669	0.0001
9535	0.0001
14825	0.0001
6412	0.0001
21643	0.0001
4062	0.0001
2716	0.0001
487	0.0001
4507	0.0001
5311	0.0001
2119	0.0001
12020	0.0001
1482	0.0001
783	0.0001
17611	0.0001
479	0.0001
3861	0.0001
23443	0.0001
52890	0.0001
281	0.0002
283	0.0004
2358	0.0001
29198	0.0001
3414	0.0001
148	0.0003
4599	0.0001
29274	0.0001
53816	0.0001
82	0.0008
18502	0.0001
306	0.0003
822	0.0001
34296	0.0001
290	0.0003
1546	0.0001
648	0.0003
1114	0.0001
1081	0.0002
45049	0.0001
68676	0.0001
91303	0.0001
1667	0.0001
20556	0.0001
4285	0.0001
2778	0.0001
54576	0.0001
510	0.0001
446	0.0001
17504	0.0001
86	0.001
5465	0.0001
1126	0.0002
2605	0.0001
60248	0.0001
39808	0.0001
12	0.0073
1963	0.0002
210	0.0005
54709	0.0001
367	0.0003
58621	0.0001
2007	0.0001
768	0.0002
16904	0.0001
34259	0.0001
16810	0.0001
7073	0.0001
2327	0.0001
2104	0.0001
36860	0.0001
1764	0.0001
23311	0.0001
30231	0.0001
6209	0.0002
2297	0.0001
95	0.0007
1132	0.0001
2009	0.0002
929	0.0002
2107	0.0001
2245	0.0002
972	0.0001
3332	0.0001
14078	0.0001
24871	0.0001
96207	0.0001
24549	0.0001
2955	0.0001
9633	0.0001
2266	0.0001
6002	0.0001
61462	0.0001
2536	0.0001
2976	0.0001
1545	0.0001
888	0.0001
4241	0.0002
718	0.0002
2066	0.0001
38860	0.0001
1686	0.0002
7048	0.0001
511	0.0002
685	0.0002
1732	0.0001
5135	0.0001
1855	0.0002
28	0.0036
10225	0.0001
421	0.0003
3486	0.0001
265	0.0002
9592	0.0001
44830	0.0001
24600	0.0001
679	0.0001
11738	0.0001
17278	0.0001
22295	0.0001
686	0.0002
16612	0.0001
7301	0.0001
119	0.0008
22354	0.0001
1656	0.0001
1379	0.0001
1721	0.0001
12537	0.0001
32495	0.0001
5196	0.0001
1113	0.0003
2862	0.0001
1253	0.0001
2259	0.0001
6683	0.0001
1682	0.0002
84940	0.0001
9008	0.0001
1422	0.0001
2017	0.0002
751	0.0001
75	0.0014
2465	0.0001
8836	0.0001
5274	0.0001
2975	0.0001
2292	0.0002
4486	0.0001
1586	0.0001
3179	0.0001
1958	0.0001
11162	0.0001
23857	0.0001
1552	0.0001
17479	0.0001
4800	0.0001
1190	0.0001
9	0.0105
1363	0.0001
96874	0.0001
6989	0.0001
8398	0.0001
15319	0.0001
597	0.0001
9475	0.0001
16236	0.0001
13176	0.0001
730	0.0001
2170	0.0001
89260	0.0001
37	0.0021
95765	0.0001
84010	0.0001
1225	0.0001
2664	0.0001
14678	0.0001
3152	0.0002
23003	0.0001
41	0.0023
25376	0.0001
17733	0.0001
980	0.0001
653	0.0002
4280	0.0001
6	0.0158
8030	0.0001
3291	0.0001
53533	0.0001
16077	0.0001
971	0.0002
568	0.0001
47497	0.0001
124	0.0005
6364	0.0001
45191	0.0001
22030	0.0001
20763	0.0001
1502	0.0001
131	0.0007
2510	0.0001
5484	0.0001
103	0.0007
14	0.0069
107	0.0006
20927	0.0001
400	0.0001
481	0.0001
47382	0.0001
1300	0.0001
34768	0.0001
105	0.0009
1228	0.0001
57805	0.0001
4161	0.0001
65470	0.0001
547	0.0001
30674	0.0001
22819	0.0001
14202	0.0001
22545	0.0001
5647	0.0001
4594	0.0002
17051	0.0001
80191	0.0001
16434	0.0001
13046	0.0001
41251	0.0001
756	0.0001
257	0.0003
824	0.0002
5775	0.0001
25	0.004
2868	0.0001
2285	0.0001
1265	0.0001
14288	0.0001
1816	0.0001
522	0.0001
1339	0.0002
777	0.0002
16673	0.0001
7157	0.0001
78859	0.0001
11356	0.0001
665	0.0001
2861	0.0001
55265	0.0001
22289	0.0001
2661	0.0001
48925	0.0001
448	0.0002
416	0.0002
518	0.0001
6073	0.0001
4208	0.0001
22	0.0043
101	0.001
1446	0.0001
114	0.0001
3077	0.0001
5969	0.0001
84307	0.0001
64616	0.0001
56491	0.0001
47524	0.0001
35097	0.0001
202	0.0001
53860	0.0001
198	0.0005
134	0.0008
2725	0.0001
2	0.0419
677	0.0002
860	0.0001
1210	0.0001
40138	0.0001
78196	0.0001
500	0.0004
3937	0.0001
528	0.0001
287	0.0002
4522	0.0001
1894	0.0001
1526	0.0001
11301	0.0001
39098	0.0001
1765	0.0002
9833	0.0001
17032	0.0001
66776	0.0001
3448	0.0002
68270	0.0001
56733	0.0001
3204	0.0001
5972	0.0001
28998	0.0001
666	0.0002
7811	0.0001
324	0.0002
27908	0.0001
2953	0.0001
7058	0.0001
390	0.0002
24641	0.0001
641	0.0002
44970	0.0001
20191	0.0001
18272	0.0001
1729	0.0001
454	0.0001
91839	0.0001
61703	0.0001
159	0.0003
15483	0.0001
3436	0.0001
4974	0.0001
280	0.0001
1530	0.0002
21221	0.0001
307	0.0001
745	0.0001
7042	0.0001
836	0.0001
27689	0.0001
4640	0.0001
174	0.0005
57435	0.0001
738	0.0002
55447	0.0001
41826	0.0001
338	0.0003
3575	0.0001
1636	0.0001
43175	0.0001
4860	0.0001
41241	0.0001
56591	0.0001
12798	0.0001
13712	0.0001
7559	0.0001
474	0.0001
3799	0.0001
1895	0.0001
2242	0.0002
15119	0.0001
69087	0.0001
706	0.0003
2187	0.0001
2603	0.0001
82983	0.0001
21378	0.0001
1233	0.0001
427	0.0001
1477	0.0001
502	0.0001
1948	0.0001
176	0.0005
87620	0.0001
2338	0.0001
21548	0.0001
2347	0.0001
1020	0.0002
293	0.0003
380	0.0004
64377	0.0001
23908	0.0001
905	0.0001
77743	0.0001
4909	0.0001
12163	0.0001
99274	0.0001
79243	0.0001
925	0.0002
15416	0.0001
9861	0.0001
264	0.0006
3244	0.0001
17463	0.0001
6974	0.0001
5008	0.0001
6012	0.0001
44554	0.0001
22964	0.0001
1989	0.0002
2146	0.0001
688	0.0001
7174	0.0001
1257	0.0001
224	0.0004
415	0.0005
7451	0.0001
66226	0.0001
54381	0.0001
5568	0.0001
9080	0.0001
18638	0.0001
299	0.0001
39195	0.0001
8414	0.0001
8263	0.0001
49245	0.0001
1929	0.0001
261	0.0007
13005	0.0001
10838	0.0001
23551	0.0001
443	0.0004
99931	0.0001
3582	0.0002
78150	0.0001
4917	0.0001
355	0.0001
255	0.0004
6124	0.0001
40841	0.0001
30551	0.0001
1352	0.0003
1675	0.0001
20323	0.0001
26	0.0038
784	0.0001
90	0.0009
413	0.0004
489	0.0004
14170	0.0001
5220	0.0001
1538	0.0001
2065	0.0001
90868	0.0001
29892	0.0001
1004	0.0003
6309	0.0001
1413	0.0001
1270	0.0001
72348	0.0001
23126	0.0001
9479	0.0001
737	0.0001
4373	0.0001
2558	0.0001
1493	0.0001
5846	0.0001
2462	0.0001
3173	0.0001
1725	0.0001
1534	0.0001
26702	0.0001
26945	0.0001
19229	0.0001
2549	0.0001
23599	0.0001
2512	0.0001
23567	0.0001
1087	0.0001
243	0.0003
35959	0.0001
4016	0.0001
2092	0.0001
52230	0.0001
4	0.0222
368	0.0005
1432	0.0002
2147	0.0001
77480	0.0001
9881	0.0001
11691	0.0001
16611	0.0001
34225	0.0001
6252	0.0001
79067	0.0001
772	0.0002
2112	0.0002
531	0.0001
1170	0.0001
26099	0.0001
29260	0.0001
279	0.0003
111	0.0006
6143	0.0001
10770	0.0001
1613	0.0001
2872	0.0001
15420	0.0001
24747	0.0001
2776	0.0001
480	0.0001
286	0.0005
6133	0.0001
45814	0.0001
9619	0.0001
1085	0.0001
63206	0.0001
501	0.0003
10525	0.0001
13358	0.0001
623	0.0001
86328	0.0001
4390	0.0001
55680	0.0001
2010	0.0002
67960	0.0001
91242	0.0001
1272	0.0001
11740	0.0001
7066	0.0001
5543	0.0001
2064	0.0001
28778	0.0001
1135	0.0002
556	0.0001
11867	0.0001
20730	0.0001
601	0.0002
47487	0.0001
189	0.0002
41127	0.0001
2426	0.0001
1397	0.0001
23284	0.0001
2756	0.0001
1078	0.0002
15947	0.0001
468	0.0001
14414	0.0001
136	0.0008
44111	0.0001
47894	0.0001
5729	0.0001
14776	0.0001
8374	0.0001
1098	0.0001
1860	0.0001
128	0.0006
270	0.0004
30595	0.0001
72806	0.0001
80519	0.0001
2012	0.0001
3547	0.0001
1394	0.0001
16683	0.0001
4672	0.0001
7304	0.0002
67817	0.0001
82919	0.0001
2594	0.0002
27345	0.0001
741	0.0002
25848	0.0001
16699	0.0002
88	0.001
908	0.0001
55168	0.0001
77599	0.0001
2982	0.0001
2041	0.0001
4403	0.0001
78	0.0011
562	0.0003
30489	0.0001
811	0.0001
88612	0.0001
4872	0.0001
8268	0.0001
17055	0.0001
6579	0.0002
1038	0.0001
1245	0.0002
15112	0.0001
44438	0.0001
1278	0.0001
77119	0.0001
142	0.0005
44747	0.0001
13413	0.0001
1847	0.0002
7712	0.0001
2360	0.0001
28911	0.0001
45111	0.0001
1664	0.0001
1863	0.0001
13253	0.0001
873	0.0003
74762	0.0001
4647	0.0001
49693	0.0001
39506	0.0001
734	0.0001
49024	0.0001
1452	0.0001
2388	0.0002
3614	0.0001
22305	0.0001
853	0.0001
1770	0.0001
78085	0.0001
6614	0.0001
19835	0.0001
8335	0.0001
305	0.0001
828	0.0001
51026	0.0001
7750	0.0001
78223	0.0001
89	0.0008
2962	0.0002
7028	0.0001
12430	0.0001
11297	0.0001
39012	0.0001
2313	0.0001
8444	0.0001
33613	0.0001
1559	0.0001
1687	0.0002
1409	0.0001
7096	0.0001
1039	0.0001
95273	0.0001
4530	0.0001
7976	0.0001
14858	0.0001
7672	0.0001
34944	0.0001
57107	0.0001
3888	0.0001
93186	0.0001
90477	0.0001
433	0.0002
24939	0.0001
259	0.0002
9330	0.0001
76882	0.0001
3172	0.0001
32151	0.0001
82819	0.0001
1006	0.0001
35	0.0018
1956	0.0003
363	0.0003
77076	0.0001
591	0.0002
4760	0.0002
371	0.0001
4075	0.0001
7660	0.0001
1714	0.0002
466	0.0002
2113	0.0002
1746	0.0001
3296	0.0001
4351	0.0001
40315	0.0001
85713	0.0001
4375	0.0001
99064	0.0001
70162	0.0001
20630	0.0001
94233	0.0001
369	0.0002
38979	0.0001
6849	0.0001
154	0.0009
19089	0.0001
1883	0.0001
217	0.0001
3913	0.0001
2135	0.0001
13156	0.0001
20252	0.0001
3634	0.0001
21394	0.0001
262	0.0001
11003	0.0001
8881	0.0001
585	0.0002
7117	0.0001
86978	0.0001
3500	0.0001
14016	0.0001
78117	0.0001
17013	0.0001
2863	0.0001
1496	0.0001
26759	0.0001
2389	0.0001
64332	0.0001
23006	0.0001
62189	0.0001
144	0.0007
3252	0.0001
55824	0.0001
22132	0.0001
1647	0.0001
8437	0.0001
22981	0.0001
1330	0.0002
449	0.0001
18905	0.0001
4596	0.0001
4572	0.0001
545	0.0001
26193	0.0001
27104	0.0001
11230	0.0001
4237	0.0001
66429	0.0001
73099	0.0001
1740	0.0001
9704	0.0001
6415	0.0001
56426	0.0001
33420	0.0001
43278	0.0001
66709	0.0001
4910	0.0001
73577	0.0001
2036	0.0001
4395	0.0001
1136	0.0001
1383	0.0001
82744	0.0001
31	0.0027
757	0.0002
2256	0.0002
498	0.0002
20555	0.0001
79204	0.0001
65250	0.0001
3239	0.0001
54050	0.0001
54777	0.0001
2191	0.0001
157	0.0005
39544	0.0001
80026	0.0001
89620	0.0001
382	0.0001
53901	0.0001
29269	0.0001
4284	0.0001
952	0.0004
35519	0.0001
12858	0.0001
17856	0.0001
835	0.0001
36361	0.0001
65910	0.0001
375	0.0005
4528	0.0002
6160	0.0001
533	0.0002
461	0.0003
15569	0.0001
5629	0.0001
2997	0.0001
220	0.0001
50952	0.0001
16593	0.0001
8912	0.0002
5744	0.0001
14596	0.0001
1046	0.0001
94	0.0015
21901	0.0001
7768	0.0001
11213	0.0001
2199	0.0001
17561	0.0001
11868	0.0001
388	0.0002
2478	0.0001
186	0.0001
25017	0.0001
812	0.0001
2704	0.0001
24377	0.0001
1835	0.0001
41570	0.0001
465	0.0001
2530	0.0001
1807	0.0002
54066	0.0001
8612	0.0001
33456	0.0001
1609	0.0001
12071	0.0001
19834	0.0001
1988	0.0001
697	0.0001
31703	0.0001
20017	0.0001
232	0.0005
9042	0.0001
27465	0.0001
85986	0.0001
11695	0.0001
5438	0.0002
2944	0.0001
24730	0.0001
4652	0.0001
120	0.0005
29	0.0026
199	0.0004
7825	0.0001
147	0.0005
73891	0.0001
3407	0.0001
3323	0.0001
393	0.0002
2371	0.0001
557	0.0001
44225	0.0001
63784	0.0001
437	0.0002
2372	0.0001
16311	0.0001
463	0.0002
2679	0.0001
33804	0.0001
35302	0.0001
126	0.0002
366	0.0003
1954	0.0001
1168	0.0001
789	0.0001
3233	0.0001
1231	0.0001
4891	0.0001
9139	0.0001
6931	0.0001
2021	0.0001
31650	0.0001
48	0.0015
4363	0.0001
844	0.0001
1347	0.0001
3030	0.0001
29011	0.0001
17221	0.0001
112	0.0004
1274	0.0001
1183	0.0001
90796	0.0001
1540	0.0001
395	0.0001
125	0.0005
223	0.0003
595	0.0001
4167	0.0001
47063	0.0001
93736	0.0001
187	0.0007
1828	0.0001
2116	0.0001
12979	0.0001
1156	0.0001
5153	0.0001
891	0.0002
1157	0.0001
43239	0.0001
74764	0.0001
15014	0.0001
419	0.0001
59	0.0009
646	0.0002
12278	0.0001
3562	0.0001
230	0.0002
7598	0.0001
1865	0.0001
411	0.0001
12834	0.0001
4360	0.0001
2882	0.0001
1084	0.0002
559	0.0002
2166	0.0001
9168	0.0001
462	0.0001
1468	0.0002
18230	0.0001
1067	0.0003
740	0.0001
1580	0.0001
11596	0.0001
57527	0.0001
85561	0.0001
2444	0.0001
2828	0.0001
63138	0.0001
5872	0.0001
22936	0.0001
12639	0.0001
612	0.0001
4678	0.0001
1734	0.0001
20850	0.0001
35046	0.0001
45519	0.0001
4118	0.0001
46464	0.0001
71040	0.0001
77	0.0017
352	0.0003
3228	0.0001
1754	0.0002
959	0.0001
2736	0.0001
43661	0.0001
903	0.0001
901	0.0002
97187	0.0001
2560	0.0002
26592	0.0001
787	0.0001
31712	0.0001
3860	0.0002
3121	0.0001
20167	0.0001
12249	0.0001
934	0.0002
1424	0.0001
402	0.0002
50	0.0016
497	0.0003
6387	0.0001
310	0.0005
13177	0.0001
3284	0.0002
40839	0.0001
4470	0.0001
867	0.0001
1049	0.0001
12247	0.0001
2134	0.0001
2574	0.0001
39226	0.0001
457	0.0001
13002	0.0001
11630	0.0001
16959	0.0001
4619	0.0001
2231	0.0001
935	0.0001
31061	0.0001
7883	0.0001
93393	0.0001
51137	0.0001
23094	0.0001
372	0.0003
15995	0.0001
13043	0.0001
2869	0.0001
94864	0.0001
24038	0.0001
12223	0.0001
51542	0.0001
1606	0.0001
3753	0.0001
1130	0.0001
40240	0.0001
91	0.0006
3865	0.0001
3532	0.0002
2779	0.0001
5510	0.0001
60073	0.0001
94005	0.0001
87	0.0016
508	0.0002
56754	0.0001
11641	0.0001
3346	0.0002
145	0.0008
35658	0.0001
444	0.0002
693	0.0002
72246	0.0001
327	0.0004
333	0.0001
222	0.0001
40987	0.0001
48515	0.0001
5501	0.0001
1505	0.0001
21038	0.0001
922	0.0001
48364	0.0001
20860	0.0001
8427	0.0001
627	0.0005
122	0.0005
72116	0.0001
582	0.0003
17304	0.0001
75346	0.0001
13505	0.0001
3051	0.0001
7344	0.0001
70740	0.0001
7453	0.0001
1373	0.0001
60722	0.0001
1251	0.0001
21178	0.0001
11233	0.0001
1805	0.0002
391	0.0003
490	0.0001
5292	0.0001
336	0.0002
60212	0.0001
13605	0.0001
6978	0.0001
1425	0.0003
8679	0.0002
12818	0.0001
12199	0.0001
505	0.0001
205	0.0008
9654	0.0001
2843	0.0002
92991	0.0001
7578	0.0001
37694	0.0001
2651	0.0001
1658	0.0001
5437	0.0001
16	0.007
2123	0.0002
3739	0.0001
6081	0.0001
19621	0.0001
237	0.0005
8762	0.0001
617	0.0001
29125	0.0001
1797	0.0001
6789	0.0001
5854	0.0001
445	0.0002
1955	0.0001
7947	0.0001
11817	0.0001
29526	0.0001
5068	0.0001
17509	0.0001
81	0.0017
2870	0.0001
78662	0.0001
47218	0.0001
11219	0.0001
88325	0.0001
11030	0.0001
20127	0.0001
6869	0.0001
1334	0.0001
969	0.0002
573	0.0001
55938	0.0001
7279	0.0001
62369	0.0001
15390	0.0001
2077	0.0002
175	0.0001
6763	0.0001
4376	0.0001
726	0.0001
1351	0.0001
1739	0.0001
23017	0.0001
2666	0.0001
495	0.0003
2243	0.0001
1236	0.0001
45141	0.0001
10255	0.0001
53626	0.0001
26273	0.0001
87105	0.0001
86564	0.0001
31662	0.0001
30240	0.0001
16119	0.0001
162	0.0002
15199	0.0001
2098	0.0001
3355	0.0002
953	0.0001
20057	0.0001
1938	0.0001
341	0.0005
636	0.0002
34347	0.0001
2337	0.0001
919	0.0001
138	0.0008
2076	0.0002
778	0.0001
458	0.0001
3642	0.0001
18013	0.0001
94013	0.0001
46017	0.0001
2967	0.0001
72064	0.0001
1518	0.0002
540	0.0002
3727	0.0001
11087	0.0001
1567	0.0002
2130	0.0002
73447	0.0001
7789	0.0001
3737	0.0001
440	0.0002
565	0.0001
7631	0.0001
303	0.0003
1737	0.0001
7382	0.0001
3227	0.0001
1850	0.0001
8388	0.0001
2194	0.0002
3882	0.0001
8164	0.0001
97639	0.0001
35745	0.0001
80462	0.0001
4354	0.0001
723	0.0001
33754	0.0001
3775	0.0001
4603	0.0001
6962	0.0001
23942	0.0001
396	0.0003
99994	0.0001
308	0.0004
15325	0.0001
2634	0.0001
2700	0.0001
96928	0.0001
1360	0.0002
1388	0.0002
709	0.0001
17600	0.0001
26513	0.0001
4243	0.0001
21795	0.0001
25950	0.0001
5243	0.0001
378	0.0002
858	0.0001
74437	0.0001
1449	0.0001
1279	0.0001
2833	0.0001
78395	0.0001
7572	0.0001
823	0.0001
917	0.0001
9247	0.0001
3070	0.0001
24585	0.0001
2252	0.0001
43354	0.0001
6001	0.0001
11026	0.0001
496	0.0001
5183	0.0001
9015	0.0001
58061	0.0001
14968	0.0001
849	0.0002
2625	0.0001
21777	0.0001
65636	0.0001
343	0.0001
9910	0.0001
1652	0.0001
2501	0.0001
4958	0.0001
59001	0.0001
20657	0.0001
60	0.0019
1694	0.0001
74814	0.0001
292	0.0006
6271	0.0002
1249	0.0001
64044	0.0001
31318	0.0001
5960	0.0001
3236	0.0002
2413	0.0001
7	0.0131
1346	0.0001
1268	0.0001
100	0.0006
10920	0.0001
73109	0.0001
957	0.0001
1071	0.0001
1145	0.0001
1125	0.0001
2599	0.0001
1934	0.0001
20277	0.0001
8959	0.0001
2438	0.0001
1458	0.0001
47	0.0012
49707	0.0001
143	0.0005
1681	0.0001
842	0.0002
300	0.0002
268	0.0002
27430	0.0001
4699	0.0001
412	0.0002
485	0.0002
32277	0.0001
177	0.0002
3026	0.0002
151	0.0002
2164	0.0001
9905	0.0001
4773	0.0001
3879	0.0001
7383	0.0001
79577	0.0001
4433	0.0001
5871	0.0001
1498	0.0001
13286	0.0001
7473	0.0001
5672	0.0001
17737	0.0001
69422	0.0001
23098	0.0001
4437	0.0001
229	0.0006
825	0.0001
1476	0.0002
7928	0.0001
17017	0.0001
45210	0.0001
169	0.0006
296	0.0004
610	0.0002
80787	0.0001
83402	0.0001
799	0.0002
414	0.0003
1230	0.0001
8737	0.0001
1987	0.0001
1792	0.0001
1916	0.0001
63659	0.0001
506	0.0001
5256	0.0001
1882	0.0001
57	0.001
282	0.0004
3280	0.0001
8010	0.0001
875	0.0001
3393	0.0001
8864	0.0001
2277	0.0004
52309	0.0001
22942	0.0001
15398	0.0001
7725	0.0001
2857	0.0001
4581	0.0001
6728	0.0001
302	0.0004
15857	0.0001
2938	0.0001
348	0.0002
2459	0.0001
22535	0.0001
37240	0.0001
2186	0.0001
21309	0.0001
1364	0.0001
3114	0.0001
251	0.0004
21541	0.0001
3243	0.0001
104	0.0011
11227	0.0001
21	0.0046
344	0.0003
80186	0.0001
79317	0.0001
20082	0.0001
17391	0.0001
8037	0.0001
8610	0.0001
17036	0.0001
8656	0.0001
36	0.0029
4377	0.0001
469	0.0004
89175	0.0001
5888	0.0001
998	0.0002
10864	0.0001
56493	0.0001
7756	0.0001
8452	0.0001
5130	0.0001
1463	0.0001
5809	0.0001
9437	0.0001
345	0.0003
1106	0.0002
18114	0.0001
4966	0.0001
12116	0.0001
4784	0.0001
27394	0.0001
53890	0.0001
3192	0.0001
33278	0.0001
80870	0.0001
45	0.001
530	0.0002
72326	0.0001
284	0.0002
25215	0.0001
749	0.0001
6305	0.0001
13348	0.0002
2345	0.0001
13169	0.0001
6421	0.0001
1604	0.0001
113	0.0005
1707	0.0001
15666	0.0001
20777	0.0001
1521	0.0002
1123	0.0001
297	0.0005
870	0.0001
21783	0.0001
9737	0.0001
10943	0.0001
29213	0.0001
7933	0.0001
4137	0.0001
5511	0.0001
67630	0.0001
84	0.0009
512	0.0005
700	0.0002
1080	0.0001
1024	0.0001
95239	0.0001
976	0.0001
81068	0.0001
3381	0.0001
8526	0.0001
2286	0.0001
5007	0.0001
2319	0.0001
86655	0.0001
712	0.0002
129	0.0007
32850	0.0001
25418	0.0001
1066	0.0002
1289	0.0001
854	0.0001
40174	0.0001
31632	0.0001
527	0.0002
58292	0.0001
2054	0.0001
810	0.0001
48683	0.0001
181	0.0004
3287	0.0001
8223	0.0001
1878	0.0002
318	0.0004
21456	0.0001
6089	0.0001
10615	0.0001
56597	0.0001
38717	0.0001
7942	0.0001
8796	0.0001
2200	0.0001
3526	0.0001
3444	0.0002
49472	0.0001
30932	0.0001
77508	0.0001
9873	0.0001
83600	0.0001
2959	0.0001
1923	0.0001
218	0.0003
30029	0.0001
1912	0.0001
94700	0.0001
22517	0.0001
206	0.0004
22215	0.0001
11082	0.0001
6264	0.0001
22967	0.0001
288	0.0003
3581	0.0001
32980	0.0001
9763	0.0001
9340	0.0001
49014	0.0001
1513	0.0002
17788	0.0001
17511	0.0001
418	0.0002
6861	0.0001
258	0.0001
7877	0.0001
1212	0.0001
742	0.0002
40439	0.0001
10027	0.0001
10217	0.0001
1733	0.0001
225	0.0001
13881	0.0001
56	0.0019
1072	0.0001
39652	0.0001
1091	0.0001
42207	0.0001
60236	0.0001
711	0.0001
3194	0.0001
1109	0.0001
4831	0.0001
65952	0.0002
7729	0.0001
1101	0.0002
37237	0.0001
6106	0.0001
15888	0.0001
8106	0.0001
13559	0.0001
30297	0.0001
1886	0.0001
44190	0.0001
5356	0.0001
2261	0.0001
78575	0.0001
35481	0.0001
439	0.0001
36230	0.0001
18	0.006
376	0.0002
2782	0.0001
7275	0.0001
796	0.0002
950	0.0002
53528	0.0001
6301	0.0001
2703	0.0002
606	0.0003
7467	0.0001
42789	0.0001
45253	0.0001
16929	0.0001
5122	0.0001
56259	0.0001
4752	0.0001
2384	0.0001
1215	0.0002
9915	0.0001
4714	0.0001
3693	0.0001
58625	0.0001
1560	0.0002
1376	0.0001
161	0.0004
2639	0.0001
1571	0.0001
88262	0.0001
22131	0.0001
17366	0.0001
2361	0.0001
55709	0.0001
7510	0.0001
1042	0.0001
4922	0.0001
31153	0.0001
4952	0.0001
58497	0.0001
576	0.0001
1964	0.0001
9169	0.0001
1051	0.0001
3037	0.0001
1308	0.0003
21349	0.0001
340	0.0003
4472	0.0001
69674	0.0001
298	0.0001
26604	0.0001
6807	0.0001
254	0.0003
5766	0.0001
52169	0.0001
29538	0.0001
2903	0.0001
45410	0.0001
447	0.0001
121	0.0009
71469	0.0001
4201	0.0001
13250	0.0001
4766	0.0001
3277	0.0001
2663	0.0001
389	0.0001
3545	0.0001
3728	0.0001
40815	0.0001
974	0.0001
51173	0.0001
482	0.0003
1371	0.0002
14499	0.0001
1674	0.0001
625	0.0001
523	0.0003
1804	0.0001
4037	0.0001
4900	0.0001
267	0.0004
5038	0.0001
3513	0.0001
20298	0.0001
74880	0.0001
4447	0.0001
2548	0.0002
2019	0.0001
5087	0.0001
33175	0.0001
26307	0.0001
49	0.0019
32386	0.0001
211	0.0003
12099	0.0001
20818	0.0001
8519	0.0001
381	0.0004
1841	0.0001
239	0.0004
896	0.0001
14069	0.0001
12058	0.0001
605	0.0001
4701	0.0001
2986	0.0001
2915	0.0001
1753	0.0001
20	0.0039
118	0.0007
63678	0.0001
37791	0.0001
1312	0.0003
10458	0.0001
11414	0.0001
1457	0.0001
50911	0.0001
11674	0.0001
31680	0.0001
25270	0.0001
63268	0.0001
4774	0.0001
51278	0.0001
1558	0.0001
14622	0.0001
335	0.0002
141	0.0002
1284	0.0002
29281	0.0001
3899	0.0001
434	0.0002
3435	0.0001
1598	0.0001
1159	0.0002
10280	0.0001
330	0.0003
19032	0.0001
607	0.0002
3206	0.0001
5342	0.0001
52465	0.0001
1353	0.0001
45227	0.0001
7351	0.0001
34717	0.0001
57375	0.0001
8102	0.0001
15479	0.0001
3490	0.0001
219	0.0003
1193	0.0001
39432	0.0001
26643	0.0001
10304	0.0001
94364	0.0001
3	0.0303
41524	0.0001
386	0.0003
213	0.0004
837	0.0001
11237	0.0001
731	0.0001
24707	0.0001
71521	0.0001
98179	0.0001
3604	0.0001
16464	0.0001
1324	0.0001
2093	0.0001
40392	0.0001
55731	0.0001
3895	0.0001
6845	0.0001
13625	0.0001
146	0.0009
76361	0.0001
29132	0.0001
11439	0.0001
1196	0.0003
9927	0.0001
4136	0.0001
5273	0.0002
16459	0.0001
3969	0.0001
725	0.0002
503	0.0002
3300	0.0001
41665	0.0002
52383	0.0001
2328	0.0001
10960	0.0001
401	0.0002
29384	0.0001
1204	0.0001
30161	0.0001
2175	0.0001
47942	0.0001
40008	0.0001
596	0.0001
6034	0.0001
7823	0.0001
50658	0.0001
49668	0.0001
183	0.0004
4491	0.0001
856	0.0001
2565	0.0001
1182	0.0002
3146	0.0001
1829	0.0001
5111	0.0001
809	0.0002
4058	0.0001
786	0.0004
397	0.0002
8042	0.0001
2695	0.0001
10642	0.0001
25729	0.0001
1448	0.0001
13219	0.0001
8845	0.0001
1198	0.0001
7014	0.0001
11944	0.0001
41061	0.0001
184	0.0004
16096	0.0001
10	0.0087
51912	0.0001
197	0.0005
6280	0.0001
21692	0.0001
818	0.0001
61924	0.0001
1962	0.0001
1840	0.0002
76151	0.0001
7767	0.0001
564	0.0001
8715	0.0001
160	0.0006
1826	0.0001
408	0.0002
2416	0.0001
50638	0.0001
1214	0.0001
39521	0.0001
13814	0.0001
2095	0.0001
932	0.0001
63732	0.0001
21214	0.0001
3516	0.0001
66735	0.0001
673	0.0001
1262	0.0001
273	0.0004
1281	0.0001
2867	0.0001
2363	0.0001
4154	0.0002
1919	0.0001
467	0.0001
10736	0.0001
2904	0.0001
92	0.0011
515	0.0003
2593	0.0001
91864	0.0001
33887	0.0001
5538	0.0001
13511	0.0001
17702	0.0001
1	0.0655
63	0.0023
937	0.0001
17197	0.0001
3610	0.0001
43	0.0007
83950	0.0001
11112	0.0001
69529	0.0001
529	0.0002
790	0.0001
11	0.0092
9652	0.0001
14390	0.0001
429	0.0002
95587	0.0001
165	0.0003
1139	0.0001
3217	0.0001
20308	0.0001
10898	0.0001
23014	0.0001
452	0.0001
2623	0.0001
97216	0.0001
48564	0.0001
1161	0.0001
2004	0.0001
19587	0.0001
45796	0.0001
2069	0.0001
16785	0.0001
4479	0.0001
11794	0.0001
285	0.0005
1666	0.0001
1102	0.0001
83245	0.0001
9316	0.0001
2125	0.0001
5023	0.0001
8784	0.0001
8663	0.0001
216	0.0004
10359	0.0001
328	0.0003
253	0.0002
1490	0.0001
8758	0.0001
17080	0.0001
98217	0.0001
2746	0.0001
880	0.0001
493	0.0002
97185	0.0001
948	0.0001
6341	0.0001
62	0.0014
132	0.0009
2405	0.0001
800	0.0001
3392	0.0001
18192	0.0001
38335	0.0001
1838	0.0002
5598	0.0001
1849	0.0002
70	0.0012
25292	0.0002
3387	0.0002
8284	0.0001
941	0.0001
10814	0.0001
17027	0.0001
521	0.0001
42980	0.0001
920	0.0001
1311	0.0003
3989	0.0001
8695	0.0002
1998	0.0001
4892	0.0001
4335	0.0001
3112	0.0001
14718	0.0001
63156	0.0001
2890	0.0001
3848	0.0001
23299	0.0001
1395	0.0003
1175	0.0001
14020	0.0001
5782	0.0001
5513	0.0001
5560	0.0001
2528	0.0001
1095	0.0001
2374	0.0002
2699	0.0001
10831	0.0001
921	0.0001
33591	0.0001
80287	0.0001
3959	0.0001
38	0.0033
50813	0.0001
19320	0.0001
12887	0.0001
1991	0.0001
4233	0.0001
89275	0.0001
96990	0.0001
60797	0.0001
1213	0.0003
75279	0.0001
2629	0.0001
95527	0.0001
773	0.0001
47969	0.0001
1509	0.0001
15106	0.0001
525	0.0002
5255	0.0001
4871	0.0001
313	0.0002
89403	0.0001
4009	0.0001
1365	0.0001
356	0.0002
6225	0.0001
22056	0.0001
5459	0.0001
829	0.0001
13918	0.0001
2566	0.0001
3087	0.0001
38372	0.0001
7339	0.0001
878	0.0002
494	0.0003
2824	0.0001
9197	0.0001
167	0.001
22803	0.0001
883	0.0002
667	0.0001
55	0.0016
613	0.0001
1076	0.0002
423	0.0001
754	0.0001
79126	0.0001
2086	0.0001
314	0.0003
2067	0.0001
28861	0.0001
30592	0.0001
1094	0.0002
41063	0.0001
34748	0.0001
2326	0.0001
4890	0.0001
1314	0.0001
19504	0.0001
11273	0.0001
6165	0.0001
247	0.0002
373	0.0003
1096	0.0001
5935	0.0001
2684	0.0001
5919	0.0001
39908	0.0001
3518	0.0001
1519	0.0001
927	0.0001
2502	0.0001
11119	0.0001
1187	0.0002
20320	0.0001
12167	0.0001
3039	0.0001
18943	0.0001
7025	0.0001
3938	0.0001
7441	0.0001
40382	0.0001
3197	0.0001
1115	0.0001
1092	0.0001
1007	0.0002
14087	0.0001
53	0.0015
519	0.0001
942	0.0001
2097	0.0001
10159	0.0001
9427	0.0001
312	0.0002
80824	0.0001
2900	0.0001
426	0.0004
678	0.0001
3845	0.0001
235	0.0004
46115	0.0001
49481	0.0001
3853	0.0001
18746	0.0001
50073	0.0001
548	0.0001
9529	0.0001
7128	0.0001
9129	0.0001
3826	0.0002
14593	0.0001
2556	0.0001
41388	0.0001
2688	0.0001
11261	0.0001
36214	0.0001
63975	0.0001
398	0.0001
23229	0.0001
80024	0.0001
10924	0.0001
1021	0.0002
81172	0.0001
200	0.0004
24844	0.0001
3029	0.0001
364	0.0003
3953	0.0001
48008	0.0001
4674	0.0001
3220	0.0001
5954	0.0001
71050	0.0001
435	0.0002
662	0.0003
534	0.0002
3162	0.0001
26856	0.0001
11852	0.0001
332	0.0003
2995	0.0002
37021	0.0001
431	0.0001
2445	0.0001
1341	0.0001
7870	0.0001
1600	0.0002
85662	0.0001
83801	0.0001
17023	0.0001
675	0.0004
12957	0.0001
71985	0.0001
16165	0.0001
703	0.0001
322	0.0002
1700	0.0001
59073	0.0001
2497	0.0001
32	0.0031
2373	0.0001
6472	0.0001
714	0.0001
1784	0.0001
1304	0.0001
99686	0.0001
1056	0.0001
5892	0.0002
1470	0.0001
14229	0.0001
14579	0.0001
5351	0.0001
91668	0.0001
36458	0.0001
20248	0.0001
4439	0.0001
19848	0.0001
1291	0.0002
3156	0.0001
1088	0.0001
2133	0.0001
89283	0.0001
353	0.0003
64430	0.0001
10726	0.0001
64135	0.0001
26776	0.0001
33112	0.0001
98260	0.0001
14149	0.0001
36107	0.0001
586	0.0002
97854	0.0001
188	0.0004
563	0.0002
10684	0.0001
238	0.0005
11764	0.0001
23576	0.0001
10067	0.0001
2102	0.0001
1321	0.0001
10198	0.0001
3574	0.0002
41895	0.0001
49582	0.0001
1858	0.0001
241	0.0004
14958	0.0001
432	0.0001
68	0.0014
782	0.0003
25589	0.0001
2228	0.0001
11409	0.0001
21424	0.0001
45823	0.0001
63931	0.0001
1141	0.0003
2988	0.0001
10579	0.0001
326	0.0002
13931	0.0001
182	0.0004
1100	0.0001
1116	0.0001
7820	0.0001
1553	0.0001
9665	0.0001
21987	0.0001
36147	0.0001
7995	0.0001
52139	0.0001
137	0.0005
14120	0.0001
902	0.0002
17079	0.0001
2142	0.0001
34179	0.0001
236	0.0001
8050	0.0001
10852	0.0001
43753	0.0001
14007	0.0001
7407	0.0001
455	0.0003
1439	0.0001
69646	0.0001
3012	0.0001
924	0.0001
4310	0.0001
1171	0.0001
2140	0.0001
66572	0.0001
42332	0.0001
15751	0.0001
20030	0.0001
59449	0.0001
3299	0.0001
3579	0.0001
246	0.0001
1185	0.0002
16060	0.0001
430	0.0001
3760	0.0001
5684	0.0001
80	0.0008
6697	0.0001
1323	0.0001
58528	0.0001
194	0.0001
7651	0.0001
69	0.0013
1307	0.0001
2381	0.0001
10608	0.0001
