0	48.681115000000005
1	14.986327
2	7.517698
3	4.611396
4	3.1579099999999998
5	2.313833
6	1.780885
7	1.417481
8	1.1625109999999999
9	0.971039
10	0.825061
11	0.712448
12	0.621208
13	0.546922
14	0.48749099999999995
15	0.43678
16	0.39359299999999997
17	0.35763
18	0.326211
19	0.299087
20	0.27539
21	0.254126
22	0.235767
23	0.21976199999999999
24	0.204224
25	0.190825
26	0.17881
27	0.16906
28	0.159112
29	0.149662
30	0.142425
31	0.134116
32	0.12731299999999998
33	0.121042
34	0.115418
35	0.110174
36	0.10517199999999999
37	0.10026499999999999
