0	17.891575
1	7.785755
2	4.7877719999999995
3	3.386575
4	2.5943150000000004
5	2.083568
6	1.7297799999999999
7	1.4730480000000001
8	1.279045
9	1.12982
10	1.007825
11	0.9062570000000001
12	0.8235950000000001
13	0.753912
14	0.693637
15	0.641189
16	0.596891
17	0.556275
18	0.521415
19	0.490831
20	0.463955
21	0.43799
22	0.41478699999999996
23	0.39558
24	0.37722900000000004
25	0.357454
26	0.341828
27	0.328959
28	0.315666
29	0.302436
30	0.29156
31	0.279707
32	0.26909500000000003
33	0.25938900000000004
34	0.251533
35	0.243352
36	0.234682
37	0.227641
38	0.220262
39	0.214213
40	0.20742
41	0.201347
42	0.195598
43	0.190367
44	0.185823
45	0.18038200000000001
46	0.17639000000000002
47	0.171839
48	0.167169
49	0.162361
50	0.16019999999999998
51	0.156108
52	0.151969
53	0.149092
54	0.146002
55	0.142525
56	0.13999699999999998
57	0.137155
58	0.13322
59	0.131664
60	0.128679
61	0.126374
62	0.12383
63	0.12204099999999998
64	0.11934700000000001
65	0.11720599999999999
66	0.115463
67	0.113403
68	0.11143399999999999
69	0.10818399999999999
70	0.107289
71	0.10530400000000001
72	0.103827
73	0.102311
74	0.10050899999999999
