0	25.428717
1	10.326905
2	6.0966249999999995
3	4.194933
4	3.1376639999999996
5	2.4787920000000003
6	2.029771
7	1.704573
8	1.4630189999999998
9	1.273618
10	1.125006
11	1.007437
12	0.9060790000000001
13	0.8233199999999999
14	0.751503
15	0.692937
16	0.639887
17	0.592337
18	0.554562
19	0.5176369999999999
20	0.485678
21	0.457327
22	0.431872
23	0.40829000000000004
24	0.38700100000000004
25	0.368672
26	0.350566
27	0.33542
28	0.319449
29	0.306286
30	0.293172
31	0.280756
32	0.269913
33	0.259663
34	0.25063799999999997
35	0.241866
36	0.232939
37	0.22438100000000002
38	0.21769799999999997
39	0.20960399999999998
40	0.203492
41	0.196888
42	0.19139899999999999
43	0.18518
44	0.18059
45	0.176155
46	0.17016
47	0.165613
48	0.161602
49	0.15732000000000002
50	0.153248
51	0.149596
52	0.145802
53	0.141701
54	0.13856000000000002
55	0.135307
56	0.132828
57	0.129612
58	0.126886
59	0.124829
60	0.120652
61	0.11898600000000001
62	0.116537
63	0.114076
64	0.111776
65	0.109512
66	0.10764800000000001
67	0.104908
68	0.103901
69	0.101829
