437245	0.0001
167340	0.0001
8933516	0.0001
10044803744755312	0.0001
157113867238	0.0001
21838469521	0.0001
19599	0.0001
720668	0.0001
2725132146595492	0.0001
234619328497	0.0001
596757	0.0001
326	0.0003
382173888941508160	0.0001
169706584840	0.0001
489021485366	0.0001
557088	0.0001
6200437718052539392	0.0001
225152664659	0.0001
2062425868	0.0001
5520	0.0001
5410	0.0001
20	0.004
170782303311658176	0.0001
278501372	0.0001
552	0.0002
26221	0.0001
145051	0.0001
1117362591339461	0.0001
16772744	0.0001
1428684867	0.0001
299199	0.0001
2153572	0.0001
859	0.0001
39739805	0.0001
392	0.0002
539533733	0.0001
5727	0.0002
34343	0.0001
5515930646	0.0001
80	0.0007
1532	0.0001
815	0.0001
687	0.0001
3576	0.0001
6128375702961125376	0.0001
3237386	0.0001
269	0.0001
458462013779	0.0001
412	0.0003
7698	0.0001
350	0.0004
100147554	0.0001
9301	0.0001
189	0.0005
570393195387	0.0001
10975887	0.0001
75807	0.0001
224	0.0008
22158	0.0001
1643	0.0001
145348485	0.0001
30369	0.0001
1289512206	0.0001
111098118121	0.0001
1165241	0.0001
11655	0.0001
1659479	0.0001
484477	0.0001
80173875	0.0001
80836020	0.0001
546092354954245	0.0001
1200	0.0002
2993687507444	0.0001
561	0.0002
9173	0.0001
303302	0.0001
1607963	0.0001
1046279284	0.0001
240178	0.0001
5758	0.0001
12473	0.0001
21409	0.0001
3808	0.0001
165295342	0.0001
101	0.0005
38489	0.0001
165507	0.0001
47680	0.0001
1386	0.0002
151437	0.0001
37111514843	0.0001
26037298687857	0.0001
4910	0.0001
37938	0.0001
173661	0.0001
1	0.0471
34	0.0015
183446932893	0.0001
4977	0.0001
236	0.0004
4856	0.0001
723	0.0001
1069971	0.0001
6392	0.0001
256263	0.0001
4883	0.0001
252516674	0.0001
1093	0.0001
541867	0.0001
24308110	0.0001
511	0.0001
32822085	0.0001
21447	0.0001
1579006	0.0001
1382	0.0001
59265	0.0001
1826768245311	0.0001
21915	0.0001
386811139	0.0001
14863802789	0.0001
834786502	0.0001
208	0.0006
31334871	0.0001
600	0.0002
41614	0.0001
279788550	0.0001
117118	0.0001
6211576	0.0001
185718	0.0001
1809966	0.0001
185	0.0004
124225649	0.0001
454121154439728	0.0001
5475	0.0001
694	0.0001
64	0.0005
6192754	0.0001
654475	0.0001
2700983236189789696	0.0001
528	0.0001
3001904	0.0001
32433663	0.0001
82139431	0.0001
564209812	0.0001
17939	0.0001
172372	0.0001
13411	0.0001
227643250161	0.0001
5138669	0.0001
165	0.0005
813	0.0002
2590	0.0001
480104354	0.0001
4946	0.0001
136621	0.0001
40675	0.0001
3189828017	0.0001
75032746774973	0.0001
1967	0.0002
8104	0.0001
1430465	0.0001
48498306766865	0.0001
900644	0.0001
786270	0.0001
453	0.0001
193920	0.0001
2569	0.0001
8107265665515994	0.0001
31582989	0.0001
52329	0.0001
326969194009	0.0001
7165	0.0001
2108	0.0001
140363501747226	0.0001
629099	0.0001
7534	0.0001
1410392	0.0001
2183	0.0002
1767721395	0.0001
4728587	0.0001
54448256705	0.0001
8539657633	0.0001
15763069	0.0001
364096	0.0001
58995147	0.0001
1144831	0.0001
2728	0.0001
414	0.0001
6099040804477188	0.0001
70132	0.0001
83699	0.0001
2050866810	0.0001
11764472	0.0001
69502957043	0.0001
64019	0.0001
2557479672514620928	0.0001
174	0.0002
78	0.0013
1605	0.0001
41421	0.0001
1488	0.0001
4726104077	0.0001
4750209	0.0001
1329	0.0001
177134867490	0.0001
191229	0.0001
1096	0.0003
1418	0.0001
12327	0.0001
47320404	0.0001
75	0.0009
33700	0.0001
173615715269730	0.0001
5155	0.0001
34584	0.0001
455	0.0001
3389	0.0001
19944	0.0001
1602	0.0001
1435	0.0001
373	0.0002
874499778	0.0001
3489	0.0002
2550	0.0001
876	0.0001
49388	0.0001
2413273960259	0.0001
108613301	0.0001
159095917754246	0.0001
6107	0.0001
85611	0.0001
5204270	0.0001
829	0.0001
14243860312	0.0001
84080351	0.0001
281494	0.0001
3140	0.0001
38838	0.0001
323543	0.0001
12322835	0.0001
21963	0.0001
108860	0.0001
1371	0.0001
210189	0.0001
3272878	0.0001
241432110	0.0001
37580720	0.0001
42078360160	0.0001
474211203875	0.0001
4805620	0.0001
437593	0.0001
797	0.0001
476	0.0001
4964118	0.0001
4616	0.0001
714	0.0001
32653	0.0001
3075827668015	0.0001
17086	0.0001
17229	0.0001
121051	0.0001
1544	0.0001
35236	0.0001
1028053	0.0001
508	0.0002
74692471	0.0001
66460	0.0001
131104	0.0001
4180696	0.0001
2854	0.0001
1439	0.0002
107120699144778944	0.0001
6717	0.0001
542390	0.0001
10367	0.0001
516057112	0.0001
191605	0.0001
8958741817535022	0.0001
10392350953	0.0001
133359800520	0.0001
51463881458	0.0001
81360037	0.0001
23498812047948	0.0001
15825081053	0.0001
22210	0.0001
720095206	0.0001
327060771947630	0.0001
3293	0.0001
15975495805636740	0.0001
420327	0.0001
1474	0.0001
3637	0.0001
15205868180	0.0001
201608340094	0.0001
2466890	0.0001
1500127807	0.0001
7284	0.0001
11553080	0.0001
202927	0.0001
567372429	0.0001
13307513	0.0001
1086636817470	0.0001
5476	0.0001
74159	0.0001
7395530234	0.0001
13351	0.0001
358	0.0003
563314308514	0.0001
47870	0.0001
1031	0.0001
243703	0.0001
21743	0.0001
228151302	0.0001
13771	0.0001
574499044845456	0.0001
1079	0.0001
85591	0.0001
318	0.0002
1567679606	0.0001
7242	0.0001
961291939	0.0001
250485	0.0001
250	0.0002
670	0.0001
10213867929400768	0.0001
2584833789	0.0001
4314924023	0.0001
8572600097	0.0001
740954	0.0001
23220237	0.0001
3566	0.0001
67874	0.0001
623458	0.0001
9037	0.0001
20501287	0.0001
23282547	0.0001
1637974	0.0001
12909521	0.0001
111102	0.0001
3940	0.0001
54201	0.0001
134	0.0006
131354	0.0001
18165932	0.0001
3214	0.0001
34312	0.0001
114540490399161088	0.0001
1626	0.0001
135422	0.0001
457	0.0002
7383557	0.0001
1705	0.0001
19278	0.0001
517586383	0.0001
254069465	0.0001
1288	0.0001
12583028652	0.0001
598296208	0.0001
296187	0.0001
211053	0.0001
1012748	0.0001
2047214	0.0001
1145129049641748608	0.0001
4810	0.0001
18585542	0.0001
315518168922294	0.0001
73913	0.0001
21556007933835	0.0001
71222049	0.0001
38444298	0.0001
1999980555496	0.0001
21581869	0.0001
540298	0.0001
30493072303	0.0001
38102	0.0001
1725953346	0.0001
1102	0.0001
186633688	0.0001
111	0.0006
14453	0.0001
18735859968	0.0001
1486750988	0.0001
1819	0.0001
3474590	0.0001
204151796	0.0001
600470048	0.0001
2154228	0.0001
34487	0.0001
12128900	0.0001
1727144712	0.0001
10929	0.0001
660	0.0001
371013823832	0.0001
40208939594946	0.0001
14800	0.0001
4727	0.0001
3950	0.0001
1106152	0.0001
20963042675316048	0.0001
1110	0.0001
123784284	0.0001
401117	0.0001
5833291	0.0001
20747	0.0001
14925	0.0001
3963	0.0001
4646	0.0001
109	0.0003
3868447	0.0001
324878522	0.0001
960890389	0.0001
150472787786	0.0001
301865	0.0001
16547	0.0001
429	0.0001
934100931733224	0.0001
176	0.0002
57	0.0009
47631	0.0001
3864	0.0001
626283939	0.0001
114698433	0.0001
372	0.0003
40971025	0.0001
12982176241562	0.0001
544379	0.0001
89573	0.0001
2146	0.0001
38851	0.0001
3051	0.0001
202	0.0003
609378024	0.0001
92391	0.0001
12843164	0.0001
62646523	0.0001
119281149	0.0001
1156680889	0.0001
310921	0.0001
38763	0.0001
2015269	0.0001
1840	0.0001
139254	0.0001
197580167057	0.0001
154874016	0.0001
67370348	0.0001
358169	0.0001
27300	0.0001
667361250011	0.0001
2211772	0.0001
73403	0.0001
317578648	0.0001
80756	0.0001
641	0.0002
1106371	0.0001
19167987	0.0001
67464916	0.0001
16010034	0.0001
15880	0.0001
503	0.0001
31253	0.0001
17768358	0.0001
54604619738797	0.0001
19791	0.0001
627	0.0001
261110	0.0001
1425	0.0001
23442	0.0001
21722757520947	0.0001
17978471	0.0001
1718975394	0.0001
215	0.0001
138883198	0.0001
20025	0.0001
595	0.0001
170012	0.0001
16318	0.0001
3263125580	0.0001
42559221949	0.0001
403842440792976	0.0001
8543	0.0001
151	0.0006
286416	0.0001
67469829	0.0001
23740	0.0001
9682366109	0.0001
11680922372	0.0001
151956883	0.0001
1972	0.0001
1558183	0.0001
715078	0.0001
171013	0.0001
19567	0.0001
155760138522	0.0001
137	0.0004
39518	0.0001
203679182298	0.0001
3703	0.0001
1160267113	0.0001
5860601461811	0.0001
35612	0.0001
26280544988	0.0001
2480011	0.0001
581938	0.0001
22522	0.0001
980369205	0.0001
17642	0.0001
196092662	0.0001
15194	0.0001
101301317678	0.0001
13948194	0.0001
75013554	0.0001
4087	0.0001
677951833991	0.0001
769719	0.0001
56491	0.0001
164396236293125	0.0001
1431	0.0001
420	0.0004
9859	0.0001
841747	0.0001
271361922	0.0001
18752	0.0001
1139962293	0.0001
12722	0.0001
1042	0.0001
5871664617	0.0001
37301664	0.0001
3448814927264	0.0001
395	0.0001
44118330	0.0001
6672002941662772	0.0001
3527	0.0001
79135149970926336	0.0001
16275	0.0001
11031306918273	0.0001
1157	0.0001
13224	0.0001
5189289398959	0.0001
4988022	0.0001
1167087	0.0001
53893	0.0001
1084	0.0001
150668078402	0.0001
17358144152328	0.0001
6287719	0.0001
1068431607321297920	0.0001
7934	0.0001
3039380937864115	0.0001
9178	0.0001
7297	0.0001
227	0.0002
2721	0.0001
259300	0.0001
69428105	0.0001
38656	0.0001
6570229970923	0.0001
23773733897	0.0001
13544727312	0.0001
756	0.0001
610290	0.0001
1088164	0.0001
7028	0.0001
1359696603527	0.0001
225	0.0005
502237049	0.0001
324133	0.0001
3347575	0.0001
4935838473	0.0001
188	0.0001
6272	0.0001
675381	0.0001
7820	0.0001
5238093	0.0001
226	0.0002
71203912	0.0001
4356930753	0.0001
4160	0.0001
2103	0.0001
669	0.0002
4753	0.0001
4963	0.0001
1398825	0.0001
51645	0.0001
2653259071	0.0001
11754621751	0.0001
16420925912	0.0001
86329	0.0001
2274534049377	0.0001
5516506	0.0001
236722	0.0001
2053	0.0002
260870	0.0001
3656255	0.0001
597004059	0.0001
8374084132174	0.0001
4644150	0.0001
1322685	0.0001
52820936	0.0001
823	0.0001
8230730	0.0001
61878	0.0001
183	0.0006
70757183	0.0001
46772	0.0001
27757956	0.0001
19130427020578020	0.0001
4136	0.0001
7586974176	0.0001
1084267	0.0001
605895666	0.0001
6132	0.0001
88944	0.0001
356634	0.0001
13053085877	0.0001
7361735	0.0001
6270	0.0001
205	0.0003
34592	0.0001
1779	0.0001
1633929	0.0001
10561	0.0001
1195	0.0001
120523408	0.0001
56164	0.0001
353	0.0005
125819443218	0.0001
2262900	0.0001
9918	0.0001
2081	0.0002
166623	0.0001
65472	0.0001
1591800	0.0001
631	0.0001
1001021	0.0001
574	0.0001
652951339136	0.0001
52939	0.0001
798123	0.0001
2505808	0.0001
221013948083390	0.0001
8725	0.0001
13333	0.0001
1240331770	0.0001
167869493190967	0.0001
28710	0.0001
1739378704752	0.0001
43	0.0013
59	0.0016
60	0.0009
401039939	0.0001
6265915682	0.0001
13419	0.0001
28480	0.0001
712	0.0001
1593856085990	0.0001
2039	0.0001
94157706	0.0001
589495	0.0001
2204	0.0001
5554154	0.0001
10097853	0.0001
49269477	0.0001
121624	0.0001
2359730166	0.0001
2633170827863	0.0001
723834	0.0001
422105277	0.0001
270806797	0.0001
62551	0.0001
7	0.0085
1089669	0.0001
12724	0.0001
9074	0.0001
5782	0.0001
1113846752	0.0001
2259	0.0001
95	0.0003
393837237755384	0.0001
318683416519	0.0001
3289	0.0001
304	0.0004
1771	0.0001
960134732093	0.0001
48124	0.0001
1669	0.0001
143	0.0008
3970	0.0001
813275	0.0001
1037	0.0001
53015	0.0001
228	0.0002
240319100	0.0001
193756	0.0001
352158858	0.0001
2582	0.0001
795	0.0001
703108	0.0001
377104523844	0.0001
179367	0.0001
1134217	0.0001
1795	0.0003
8809326033	0.0001
26846	0.0001
254	0.0002
79421	0.0001
22556	0.0001
2166	0.0001
14695	0.0001
24560138	0.0001
9156054	0.0001
34013715	0.0001
8785	0.0001
438358034	0.0001
70972661	0.0001
863	0.0001
3066	0.0001
2457936788642338	0.0001
14378	0.0001
411711	0.0001
568467888218	0.0001
906418	0.0001
36867600	0.0001
117083	0.0001
12806	0.0001
1501	0.0001
45634	0.0001
33573	0.0001
751301895760921	0.0001
7648	0.0001
248234551	0.0001
4625059311	0.0001
47293999440	0.0001
7897623	0.0001
46831222394798176	0.0001
282872	0.0001
231529	0.0001
1139	0.0001
200	0.0005
3071	0.0001
27802354	0.0001
14241	0.0001
95685	0.0001
155936490194238560	0.0001
375252	0.0001
466162185	0.0001
18196871	0.0001
1931597	0.0001
121	0.0002
37498	0.0001
42176	0.0001
10534128	0.0001
357541097142	0.0001
337682623	0.0001
8612791168159	0.0001
463556751	0.0001
979	0.0002
15811404	0.0001
2250398	0.0001
2340	0.0001
15866	0.0001
196717	0.0001
6	0.0108
46	0.0009
388742684	0.0001
6974	0.0001
6426	0.0001
169	0.0005
2277380236769	0.0001
3706	0.0001
636	0.0001
293010	0.0001
1001	0.0001
4858398727	0.0001
2351	0.0001
2432831	0.0001
18999	0.0001
4652	0.0001
4990	0.0001
13	0.006
806053	0.0001
5003815468	0.0001
775431272864	0.0001
122908	0.0001
1027387	0.0001
1397	0.0001
50	0.0013
956	0.0003
1937	0.0001
3590651	0.0001
915690	0.0001
302461871661456000	0.0001
179699	0.0001
376148705	0.0001
24323720215	0.0001
149	0.0005
77642573	0.0001
177558854	0.0001
6086166708393	0.0001
505	0.0001
11848	0.0001
36028	0.0001
255340	0.0001
35940	0.0001
4702	0.0001
959100121026	0.0001
586	0.0001
498083959	0.0001
89522	0.0001
886503359	0.0001
75837	0.0001
1573999175541878	0.0001
1907587864293	0.0001
28060	0.0001
35180520	0.0001
259942	0.0001
1344	0.0001
4299	0.0001
11619539	0.0001
82920	0.0001
2720593350	0.0001
2884	0.0001
97109	0.0001
1848072293535914	0.0001
644	0.0001
51968	0.0001
213	0.0006
167681363	0.0001
4108288	0.0001
2862	0.0001
35565433	0.0001
22246463	0.0001
32714	0.0001
3554	0.0001
5409	0.0001
52	0.0017
166432181809420	0.0001
648159190	0.0001
4315015794	0.0001
120530719	0.0001
386052	0.0001
698228560	0.0001
1877	0.0001
2049066	0.0001
2570405353	0.0001
596	0.0002
24943	0.0001
4692849014	0.0001
7435	0.0001
2319945	0.0001
52845	0.0001
120464	0.0001
15450119983	0.0001
138741	0.0001
818500965	0.0001
11422	0.0001
1411	0.0001
29968439	0.0001
397029385614	0.0001
51674	0.0001
9926045225	0.0001
4191311	0.0001
965	0.0002
9698169791213368	0.0001
43397	0.0001
30706668	0.0001
12547	0.0001
2209940663	0.0001
2034065	0.0001
1088	0.0001
9069404	0.0001
293	0.0002
55321	0.0001
58657340	0.0001
1837185	0.0001
7246	0.0001
371	0.0004
927913	0.0001
502	0.0001
480312	0.0001
22521809	0.0001
25486049906	0.0001
24393	0.0001
40938	0.0001
62349000114	0.0001
80251991	0.0001
19331236445337	0.0001
969	0.0003
1050	0.0002
42523295	0.0001
1406703520999741	0.0001
821820	0.0001
116	0.0005
56	0.0009
3540510427313	0.0001
6344	0.0001
158	0.0002
5242727580	0.0001
218245	0.0001
555770	0.0001
10836438022	0.0001
64381	0.0001
1865	0.0001
425	0.0001
18429	0.0001
968477900	0.0001
1968396055369	0.0001
3539	0.0001
635	0.0001
5598	0.0001
28834	0.0001
84707	0.0001
152516	0.0001
129123029	0.0001
126346274	0.0001
6561	0.0001
151142	0.0001
16354	0.0001
37578	0.0001
65204	0.0001
61091399114	0.0001
21698	0.0001
413	0.0001
995080	0.0001
8369689815729	0.0001
570149	0.0001
5868	0.0001
182465201433	0.0001
11310587	0.0001
384	0.0002
234347835	0.0001
10066558904	0.0001
549705870593517248	0.0001
2880107211070880768	0.0001
34024	0.0001
212777	0.0001
30855191894	0.0001
3910	0.0001
4843213	0.0001
181695670576505	0.0001
4650065	0.0001
113541	0.0001
11735	0.0001
17157	0.0001
18771	0.0001
59238937	0.0001
1901	0.0001
109976798	0.0001
1532284	0.0001
268616	0.0001
9755	0.0001
269814051	0.0001
2735	0.0001
60132070	0.0001
5458140	0.0001
162871816	0.0001
3334	0.0001
715	0.0001
22	0.0031
7688	0.0001
5759720	0.0001
551609694049	0.0001
61	0.0005
3760	0.0001
9030	0.0001
6867128685820551168	0.0001
113774227975169856	0.0001
1216	0.0001
11954	0.0001
324040	0.0001
21486363	0.0001
4511	0.0001
250471	0.0001
15187	0.0001
3462649	0.0001
182374	0.0001
178964818	0.0001
275	0.0003
11041056	0.0001
200759	0.0001
2972	0.0001
601	0.0002
15876159809	0.0001
12569	0.0001
1652107366954	0.0001
301503016	0.0001
69002672	0.0001
7896	0.0001
58937726629	0.0001
298	0.0001
1638011	0.0001
184	0.0003
133770	0.0001
873442	0.0001
33118	0.0001
551	0.0001
3230	0.0002
105315373	0.0001
1368	0.0001
34732	0.0001
1821	0.0001
16346602186039	0.0001
7497376	0.0001
1190363	0.0001
51	0.0011
18574862887829	0.0001
220479	0.0001
725	0.0001
363991	0.0001
290817	0.0001
5058	0.0001
3981	0.0001
7383080	0.0001
184186023032	0.0001
1295191889	0.0001
69291	0.0001
5547395887	0.0001
615711	0.0001
178	0.0005
52018	0.0001
5061	0.0001
393638506	0.0001
913279	0.0001
407	0.0003
3815	0.0001
12070226	0.0001
10210	0.0001
2687	0.0001
8621659	0.0001
501776368793	0.0001
1465201	0.0001
29822	0.0001
2865	0.0001
9142	0.0001
7417	0.0001
25651947331	0.0001
33238	0.0001
23471312	0.0001
209581	0.0001
13715532	0.0001
42261283	0.0001
4774	0.0001
546396	0.0001
621075585	0.0001
494090	0.0001
34820735	0.0001
400	0.0002
463046637189	0.0001
186	0.0007
53209335	0.0001
253	0.0003
1316410742035377	0.0001
4114	0.0001
291805666264	0.0001
421050	0.0001
291	0.0003
46062699	0.0001
347335970	0.0001
91716	0.0001
5586	0.0001
424830	0.0001
1792	0.0001
64018374297815	0.0001
1473103161469	0.0001
1537	0.0001
172724	0.0001
840	0.0001
665211708836947	0.0001
96223382002679	0.0001
191822	0.0001
330132	0.0001
23	0.0034
6039453	0.0001
150117227547	0.0001
7714	0.0001
28153	0.0001
33750	0.0001
969710483391133	0.0001
2969	0.0001
5686673118933568	0.0001
1527	0.0001
43129	0.0001
27288760434	0.0001
842498	0.0001
19665	0.0001
874707	0.0001
5241740585	0.0001
6660	0.0001
14409513257	0.0001
18460	0.0001
114415	0.0001
2355209	0.0001
6615998	0.0001
1384990620	0.0001
21784193099248480	0.0001
284	0.0001
110380982803	0.0001
5873	0.0001
9180	0.0001
20386097811	0.0001
78050	0.0001
1892580453	0.0001
196	0.0007
41069797142	0.0001
82386	0.0001
12279	0.0001
151037	0.0001
2357319677	0.0001
3521	0.0001
616	0.0001
7768	0.0001
27702	0.0001
195725	0.0001
382093726917120	0.0001
889034782	0.0001
10207106	0.0001
12370923	0.0001
1905739687	0.0001
4675	0.0001
130842875162375	0.0001
31063624	0.0001
5493	0.0001
157	0.0004
19806799	0.0001
234	0.0003
1967311272727	0.0001
10757229	0.0001
154	0.0004
175	0.0003
1734815	0.0001
20978	0.0001
528060	0.0001
6331	0.0001
4137792632234860544	0.0001
8046440	0.0001
83	0.0004
153116431	0.0001
2052324767	0.0001
1119	0.0001
18707741	0.0001
2617	0.0001
332	0.0001
16830	0.0001
101311	0.0001
274	0.0001
481497440	0.0001
26117	0.0001
832	0.0003
23247	0.0001
3387630432646	0.0001
557	0.0002
303243412	0.0001
2499835361	0.0001
27116	0.0001
344651	0.0001
33443607871	0.0001
660259	0.0001
189679858447721	0.0001
16450827	0.0001
153493	0.0001
518	0.0001
167787766	0.0001
820	0.0001
3702	0.0001
4337	0.0001
185724	0.0001
3567319475591	0.0001
54523288	0.0001
109392	0.0001
129513746	0.0001
149528	0.0001
1238	0.0001
208936130	0.0001
1159	0.0001
612	0.0001
741	0.0002
68089	0.0001
183330	0.0001
379694	0.0001
5183	0.0001
1059569	0.0001
2666	0.0001
1523	0.0001
222007	0.0001
3462099	0.0001
2013811061913325	0.0001
13353	0.0001
7758	0.0001
1928	0.0002
2109856148	0.0001
701536347	0.0001
1559	0.0001
9973008390501	0.0001
2899	0.0003
2168316352	0.0001
22234	0.0001
35699024	0.0001
1480715327222	0.0001
41895515	0.0001
6817007	0.0001
1532668696	0.0001
891861	0.0001
8635	0.0001
21712709	0.0001
370	0.0002
1083267059394	0.0001
14284266	0.0001
812	0.0001
46991	0.0001
14041660	0.0001
1059	0.0002
11727824	0.0001
913884785	0.0001
1010457558872	0.0001
92378	0.0001
47268	0.0001
33789	0.0001
3	0.0196
782864	0.0001
2447387465766	0.0001
11071	0.0001
2949	0.0001
71300	0.0001
4680	0.0002
313055	0.0001
60376	0.0001
47530867161	0.0001
3771	0.0001
8709037794315	0.0001
72551	0.0001
1188721779	0.0001
11841244	0.0001
773	0.0003
1927	0.0001
26142	0.0001
9400	0.0001
408043	0.0001
361979057	0.0001
112019	0.0001
155	0.0005
791776	0.0001
1369	0.0001
4017	0.0001
28766	0.0001
8077	0.0001
3416	0.0001
4570256	0.0001
371264	0.0001
288048510	0.0001
927077432	0.0001
149733969	0.0001
432270	0.0001
4860	0.0001
20327	0.0001
17448654	0.0001
20444	0.0001
2048731671569971	0.0001
2298	0.0001
790	0.0001
134241	0.0001
318865	0.0001
197301715087	0.0001
119028936833157	0.0001
52529	0.0001
50808062789	0.0001
1684742	0.0001
455021010	0.0001
261	0.0003
4408	0.0001
955465	0.0001
325	0.0003
199118515	0.0001
27702936792136	0.0001
7212560	0.0001
7299133802	0.0001
11416	0.0001
9736	0.0001
566	0.0001
443287	0.0001
932597	0.0001
307506530	0.0001
47714563	0.0001
78569167116	0.0001
7794	0.0001
2326	0.0001
14093402460	0.0001
22813627217	0.0001
9713	0.0001
164428708980900096	0.0001
69376286	0.0001
72054940	0.0001
1549036661093	0.0001
153	0.0005
19066	0.0001
1554771906024737536	0.0001
11125503386	0.0001
2016692	0.0001
55861	0.0001
125588	0.0001
1522	0.0001
3144	0.0001
442207954	0.0001
61901232624	0.0001
42954227	0.0001
2171	0.0001
86317440	0.0001
6245775	0.0001
14218519	0.0001
413996116	0.0001
104259597572839	0.0001
758	0.0001
1760	0.0001
593207057137167	0.0001
4477924	0.0001
1807	0.0001
4023	0.0001
1182467	0.0001
7824	0.0001
3467105408726384	0.0001
3143468390275	0.0001
2716	0.0001
20433	0.0001
204	0.0003
603601287	0.0001
5544	0.0001
2911666224	0.0001
54278690	0.0001
853	0.0001
32466	0.0001
2955431	0.0001
45670893	0.0001
439014532171228	0.0001
78303515	0.0001
1180355	0.0001
277425	0.0001
191669	0.0001
1804260	0.0001
148671468794	0.0001
3088	0.0001
95791	0.0001
3117	0.0001
41940751	0.0001
31809	0.0001
6419299	0.0001
8	0.0083
43458833732906888	0.0001
104776	0.0001
502022	0.0001
9583945	0.0001
6881624017883820	0.0001
3740	0.0001
3263	0.0001
17645603889	0.0001
10243	0.0001
931612	0.0001
2505	0.0001
461315	0.0001
14861189002	0.0001
17659	0.0001
1403085	0.0001
4802271	0.0001
56447	0.0001
1260026731	0.0001
191	0.0002
1073532358	0.0001
1173869290	0.0001
26149417756149	0.0001
15010733	0.0001
95725	0.0001
25005115082	0.0001
6932876	0.0001
527008998	0.0001
570	0.0001
237	0.0004
122	0.0006
12671	0.0001
11723	0.0001
253320	0.0001
255	0.0002
664974	0.0001
192556	0.0001
240	0.0005
1166452544	0.0001
2151281436	0.0001
1104960687	0.0001
17707866	0.0001
643	0.0001
1577	0.0001
2832480	0.0001
6953678446091036	0.0001
54698	0.0001
11174979	0.0001
13656	0.0001
134150	0.0001
89974598278	0.0001
33860	0.0001
772960	0.0001
4329251	0.0001
259873	0.0001
102770	0.0001
3377	0.0001
501791308	0.0001
726400944958	0.0001
125485516	0.0001
464	0.0001
2203712	0.0001
75505584	0.0001
2445646	0.0001
7796	0.0001
201	0.0005
9639	0.0001
93352367800	0.0001
40105994	0.0001
154633419	0.0001
227780806279355648	0.0001
3911938131	0.0001
4939	0.0001
2690944	0.0001
1153	0.0001
997454	0.0001
63006218	0.0001
890561	0.0001
488494820	0.0001
10217	0.0001
32779364825	0.0001
153423	0.0001
1940045	0.0001
252941156	0.0001
2135955	0.0001
124476960948	0.0001
1303	0.0001
236448	0.0001
1619585	0.0001
11530947660129656	0.0001
379	0.0004
36067	0.0001
6093561893	0.0001
150755263153485728	0.0001
37233	0.0001
41648	0.0001
4972626	0.0001
2383	0.0001
1776	0.0001
93415	0.0001
331	0.0006
168653299320680	0.0001
24008530	0.0001
611	0.0001
5193	0.0002
211992332769	0.0001
1018	0.0002
639793403	0.0001
11078	0.0001
3455	0.0001
894	0.0001
60620	0.0001
1601498778	0.0001
806	0.0001
932329	0.0001
210	0.0002
1830219	0.0001
905	0.0001
1424	0.0001
145741678	0.0001
426	0.0001
10933	0.0001
385704	0.0001
48	0.0008
2038	0.0001
242	0.0005
1108417963694257920	0.0001
116982	0.0001
145909	0.0001
232	0.0002
282	0.0002
6388	0.0001
306	0.0005
425073675	0.0001
53517119	0.0001
1223399	0.0001
17411639	0.0001
9656526106480	0.0001
25706	0.0001
10117	0.0001
582	0.0001
1130044	0.0001
9256246	0.0001
124229	0.0001
187291	0.0001
2480857047	0.0001
24	0.0031
30138	0.0001
615045	0.0001
122690260460196	0.0001
134674	0.0001
476208	0.0001
252	0.0002
1586162285150006528	0.0001
1068	0.0001
90	0.0007
2711	0.0001
86831	0.0001
41049824178	0.0001
3657835	0.0001
29919000	0.0001
1218	0.0001
799142	0.0001
13735	0.0001
2680	0.0001
3805470	0.0001
10435663	0.0001
41	0.0011
17749	0.0001
7769340077	0.0001
80816	0.0001
1124953	0.0001
360996	0.0001
2151	0.0001
301	0.0002
9906	0.0001
270	0.0002
462122	0.0001
125353649	0.0001
700368197	0.0001
61245	0.0001
543498	0.0001
2629835098	0.0001
1465892432	0.0001
164583	0.0001
3120228	0.0001
139	0.001
2293206500560220416	0.0001
2165317	0.0001
395083828041	0.0001
1645900	0.0001
157937582544	0.0001
146104	0.0001
3878	0.0001
3976446	0.0001
2305642	0.0001
207587768315725	0.0001
4441253009	0.0001
4736	0.0001
10125	0.0001
4050235	0.0001
1870655	0.0001
85048	0.0001
79431948881	0.0001
598113311	0.0001
249528057371	0.0001
21192	0.0001
20678	0.0001
885572965	0.0001
92761	0.0001
35882	0.0001
3136664623	0.0001
46866860	0.0001
7001748	0.0001
520	0.0001
5449	0.0001
671663	0.0001
169483	0.0001
6975	0.0001
2162	0.0001
3601539	0.0001
20971339	0.0001
16098684	0.0001
3761	0.0001
167986	0.0001
1459	0.0001
1926746927740063	0.0001
8922994	0.0001
437100	0.0001
24233	0.0001
320161	0.0001
190906	0.0001
196548847	0.0001
138471	0.0001
465282	0.0001
2000450	0.0001
22390	0.0001
33601	0.0001
226550355	0.0001
7412	0.0001
133013	0.0001
1196	0.0001
3920277	0.0001
10430	0.0001
3147600507	0.0001
1238997	0.0001
127	0.0002
7386501090967	0.0001
328	0.0002
84	0.0011
3668	0.0001
399	0.0002
403309268520864320	0.0001
444	0.0003
14689	0.0001
4481	0.0001
34596177	0.0001
218	0.0003
451	0.0001
136710215819081	0.0001
1230715	0.0001
21272	0.0001
631843336	0.0001
1887451310789264	0.0001
113864571	0.0001
15442	0.0001
1304	0.0002
25516842864431	0.0001
188061800	0.0001
58993132	0.0001
1277185316	0.0001
1600	0.0001
53323	0.0001
416734385	0.0001
14003	0.0001
49629	0.0001
50979	0.0001
1098896080	0.0001
32282017	0.0001
15042357787268228	0.0001
3308668	0.0001
2561372063045	0.0001
646	0.0002
10529	0.0001
2112	0.0001
1272015	0.0001
235446	0.0001
5117	0.0001
2826490120	0.0001
264	0.0003
3446	0.0001
2545	0.0001
30150774	0.0001
71974024	0.0001
775294	0.0001
16598507250697180	0.0001
15951	0.0001
216114	0.0001
2170539	0.0001
6069	0.0001
1681	0.0001
203799	0.0001
17280	0.0001
71	0.0009
783	0.0002
2549673	0.0001
102828	0.0001
334215	0.0001
219514469247	0.0001
1720356	0.0001
1226226422	0.0001
3607026	0.0001
67662	0.0001
27952	0.0001
8097	0.0001
324081	0.0001
312	0.0005
246	0.0001
6104392674	0.0001
4839250438622088	0.0001
12598	0.0001
660043985935	0.0001
845542	0.0001
45765	0.0001
1137	0.0001
3571635905346516	0.0001
11815	0.0001
56296	0.0001
1696	0.0001
69172	0.0001
1258788684	0.0001
26739649164	0.0001
260	0.0003
843	0.0001
538984409	0.0001
4467394138326	0.0001
362162	0.0001
90767314784	0.0001
724582	0.0001
216	0.0001
241611	0.0001
3029728	0.0001
130	0.0006
1310441	0.0001
20774888	0.0001
145	0.0005
423340	0.0001
244	0.0003
36976	0.0001
212182094	0.0001
659174	0.0001
2235336102533081	0.0001
3781	0.0001
1551	0.0002
36900045	0.0001
187470	0.0001
3101779	0.0001
866	0.0001
2669	0.0001
118974845388100	0.0001
332591	0.0001
29725	0.0001
654719312018530048	0.0001
488	0.0001
1706731463	0.0001
5017433	0.0001
8864	0.0001
31549815	0.0001
507642641	0.0001
279031297220	0.0001
1186	0.0001
1097	0.0002
27925412143663	0.0001
531570	0.0001
3384	0.0001
1222262	0.0001
249882	0.0001
6991	0.0001
2642	0.0001
10033	0.0001
58746315	0.0001
352366597981429248	0.0001
12041	0.0001
0	0.102
9649	0.0001
13330302	0.0001
87725455118	0.0001
13797993497	0.0001
9747484051187552	0.0001
130522451	0.0001
659	0.0001
199636	0.0001
21174	0.0001
2431766443	0.0001
189271432	0.0001
3795	0.0001
180403315	0.0001
2599731574	0.0001
1249775	0.0001
2094	0.0001
145064	0.0001
599	0.0001
1176425001	0.0001
852	0.0001
3402	0.0001
1245	0.0001
32121290	0.0001
91598	0.0001
162513025921886	0.0001
12397271	0.0001
66	0.0012
38357443764648	0.0001
927	0.0002
357	0.0002
1826	0.0001
255712995	0.0001
91199104329	0.0001
12912237482	0.0001
450171	0.0001
1368524	0.0001
23204	0.0001
2006	0.0001
9797	0.0001
2646	0.0001
1049	0.0002
1650820957	0.0001
209	0.0001
3395	0.0001
26518533	0.0001
18085556	0.0001
31321163	0.0001
848019	0.0001
76011	0.0001
4132	0.0001
21467442372	0.0001
108668792	0.0001
117494	0.0001
87	0.0006
400666024	0.0001
6091432986888160	0.0001
1652	0.0001
159723344	0.0001
19364	0.0001
1980775	0.0001
897	0.0001
11761	0.0001
317048351	0.0001
9715006	0.0001
42760843	0.0001
119	0.0005
66187	0.0001
97986596636326	0.0001
4581841824	0.0001
1726979	0.0001
287	0.0001
4670019	0.0001
1841235	0.0001
121676	0.0001
4628811283	0.0001
153694	0.0001
18403	0.0001
462438	0.0001
1223328351	0.0001
89455	0.0001
386	0.0001
69180407	0.0001
256789198573331	0.0001
424	0.0001
303375729212	0.0001
980766	0.0001
478785319	0.0001
160588522	0.0001
286647	0.0001
1517	0.0001
26077305103416512	0.0001
317600894	0.0001
9643609	0.0001
2767	0.0001
1078335345960	0.0001
2273	0.0001
13802	0.0001
693632	0.0001
2809	0.0001
272	0.0001
1081608727	0.0001
969071637	0.0001
385	0.0002
199820	0.0001
13964	0.0001
239	0.0001
85	0.0007
246888133	0.0001
3176009749	0.0001
85411792021673856	0.0001
1616	0.0001
27039	0.0001
66357272	0.0001
73357	0.0001
1072	0.0001
15252	0.0001
840242	0.0001
344272	0.0001
2239199	0.0001
578726199	0.0001
6239	0.0001
663	0.0002
100	0.0006
639156	0.0001
8132	0.0001
468453412	0.0001
999605521	0.0001
60935955941	0.0001
417164	0.0001
99884	0.0001
66874	0.0001
5118	0.0001
301607	0.0001
12960499447746	0.0001
168318	0.0001
2787	0.0001
110475	0.0001
623684561821206	0.0001
21984458	0.0001
589587	0.0001
181664	0.0001
920707	0.0001
5990	0.0001
2303	0.0001
29125	0.0001
154481829	0.0001
2299	0.0001
150126	0.0001
1168268	0.0001
1767333	0.0001
5717361	0.0001
303	0.0002
3632798589964	0.0001
41020	0.0001
6311009	0.0001
341718	0.0001
60128657	0.0001
308207	0.0001
24651	0.0001
19279	0.0001
2354902598	0.0001
3508136	0.0001
169243	0.0001
530244614	0.0001
6620	0.0001
216948557896656032	0.0001
1063	0.0001
5828	0.0001
5154	0.0001
784	0.0001
21248	0.0001
479055	0.0001
6445	0.0001
4647	0.0001
5321265164	0.0001
24905	0.0001
3925	0.0001
9001988	0.0001
2667632018712864256	0.0001
3017177813287	0.0001
1904	0.0001
142	0.0003
460	0.0002
167	0.0003
66863	0.0001
14272313879	0.0001
1115	0.0001
14110	0.0001
49651028	0.0001
22908107	0.0001
83534	0.0001
474	0.0001
78885692375	0.0001
1224	0.0001
113107775433	0.0001
88	0.0005
569795807237853568	0.0001
7148	0.0001
857805896885398656	0.0001
911	0.0001
4338	0.0001
1443	0.0002
4399797	0.0001
21619098008	0.0001
25	0.0026
457218265335890	0.0001
165410	0.0001
2103021	0.0001
30042802827958020	0.0001
172937	0.0001
1570164424	0.0001
448062985	0.0001
18876	0.0001
1536	0.0001
235547519179	0.0001
89	0.0007
200310	0.0001
469	0.0001
17509	0.0001
110706	0.0001
5984	0.0001
2531	0.0001
986	0.0002
127410582504	0.0001
155925	0.0001
553	0.0002
356	0.0003
19245	0.0001
1964	0.0001
197	0.0001
1468	0.0001
320080	0.0001
820245	0.0001
11099478	0.0001
953361	0.0001
164689	0.0001
104	0.0004
7466	0.0001
121128783651	0.0001
597153691	0.0001
310	0.0001
1726446	0.0001
12881330787207	0.0001
1059192133	0.0001
56392130830775	0.0001
47502	0.0001
193	0.0001
40182616864	0.0001
3852153259	0.0001
463842	0.0001
1287	0.0001
292350	0.0001
1206171	0.0001
8611469	0.0001
22652357	0.0001
12537214	0.0001
664326	0.0001
1258623731475711488	0.0001
2250	0.0001
108	0.0002
30060	0.0001
401	0.0002
1328113886	0.0001
798308709	0.0001
481	0.0001
2421945	0.0001
4300	0.0001
12743	0.0001
4871	0.0001
2440519	0.0001
899	0.0001
386197868816457	0.0001
186761089	0.0001
580	0.0002
43059	0.0001
1315739525	0.0001
3143875	0.0001
144657	0.0001
332148	0.0001
6960	0.0001
657155	0.0001
81580499388305424	0.0001
6615889	0.0001
2499881	0.0001
35832	0.0001
498	0.0003
22983	0.0001
253046967	0.0001
1014	0.0002
971431124	0.0001
7623	0.0001
706749969	0.0001
12998	0.0001
7709	0.0001
8652	0.0001
10075050	0.0001
94357330	0.0001
2174	0.0001
2083	0.0003
231659740063	0.0001
346588336	0.0001
19033816	0.0001
19188790036	0.0001
2087	0.0001
20750	0.0001
6769263	0.0001
171109	0.0001
224916	0.0001
63987	0.0001
363	0.0002
3191006	0.0001
50041605	0.0001
35746203005	0.0001
3799965673	0.0001
5421	0.0001
38261	0.0001
1608	0.0002
205278074	0.0001
1373	0.0003
164	0.0003
887	0.0002
615094	0.0001
4278920221520577	0.0001
79050	0.0001
3937	0.0001
1021536378	0.0001
186605054	0.0001
1193	0.0002
2381	0.0001
2072981	0.0001
283	0.0003
42918	0.0001
18760070	0.0001
237103	0.0001
134060	0.0001
1027031	0.0001
15569108683374	0.0001
4381	0.0001
3664	0.0001
35282613574	0.0001
4281	0.0001
8236	0.0001
2274151	0.0001
40532	0.0001
6049380550	0.0001
38	0.0013
1073670	0.0001
1682022	0.0001
56603	0.0001
2163500	0.0001
3539387729110	0.0001
2819480043651429	0.0001
1875	0.0001
46095762427	0.0001
2747	0.0001
2717	0.0001
1177269	0.0001
29088636	0.0001
976287707926	0.0001
33260203	0.0001
4433	0.0001
18620633918	0.0001
827	0.0001
75540846979943856	0.0001
222885214	0.0001
221909	0.0001
148157	0.0001
1145724095419312	0.0001
2306	0.0001
46489932	0.0001
1263697	0.0001
2145	0.0001
21739	0.0001
66770	0.0001
4179072477022	0.0001
579081789415208192	0.0001
15368959930	0.0001
9149062	0.0001
126	0.0004
18318	0.0001
25992	0.0001
8301	0.0001
43919	0.0001
618282514	0.0001
591	0.0001
467523968	0.0001
381	0.0002
1491970125	0.0001
314017215126	0.0001
263964399081	0.0001
693363	0.0001
5602999451244	0.0001
140062160978	0.0001
1959	0.0001
235	0.0006
1353502431	0.0001
1071890237	0.0001
48394195298132	0.0001
8746	0.0001
536	0.0001
4865956	0.0001
1234520	0.0001
12360	0.0001
37903	0.0001
14	0.0034
4758830	0.0001
15561012	0.0001
1116589	0.0001
2000	0.0001
11678	0.0001
4234	0.0002
341366895	0.0001
1569102471	0.0001
83868373	0.0001
9029	0.0001
1825	0.0001
78876581499621	0.0001
62	0.0006
16365	0.0001
23241	0.0001
10925	0.0001
136779	0.0001
305749	0.0001
29616	0.0001
37	0.0017
7392906	0.0001
793609	0.0001
297381492735630	0.0001
54467	0.0001
15603	0.0001
78626	0.0001
108545033829176	0.0001
18832	0.0001
55981700	0.0001
383	0.0001
3678313	0.0001
633	0.0002
12556	0.0001
427782	0.0001
443	0.0002
13632	0.0001
9291	0.0001
103	0.0003
307	0.0002
27018778388	0.0001
67254543400	0.0001
35623	0.0001
662408579	0.0001
15940180489	0.0001
1465	0.0001
1482787315042	0.0001
447	0.0003
450811	0.0001
35760877	0.0001
915	0.0001
28	0.0024
807	0.0001
182896631	0.0001
1597223	0.0001
80518115049199712	0.0001
51311	0.0001
440979346148	0.0001
360	0.0001
1184352	0.0001
685796	0.0001
260594	0.0001
145739077	0.0001
48581959216740376	0.0001
42	0.0019
416646018	0.0001
4586	0.0001
463	0.0001
2181	0.0001
17177436214976724	0.0001
36	0.0014
2613	0.0002
67167001	0.0001
1210281434	0.0001
2202	0.0001
40874060	0.0001
27337104185029	0.0001
646130	0.0001
22259192759406192	0.0001
6359	0.0001
3760189	0.0001
2167	0.0001
61117182019	0.0001
1659213	0.0001
3043130475958	0.0001
49454	0.0001
488490430	0.0001
1915367	0.0001
81734790808	0.0001
2184	0.0001
159361	0.0001
902089067	0.0001
73	0.0012
314	0.0002
1216077	0.0001
9710361169237	0.0001
5796	0.0002
63019486443	0.0001
2191263	0.0001
994197	0.0001
160353	0.0001
1891079	0.0001
48414	0.0001
746	0.0002
394933	0.0001
1770716334	0.0001
9103	0.0001
2463784855879819	0.0001
11728829	0.0001
980	0.0001
619	0.0001
3567	0.0001
12425782880	0.0001
46542795	0.0001
665	0.0001
11844	0.0001
2389060	0.0001
1524562394978	0.0001
25190065101	0.0001
667622	0.0001
18228	0.0001
175471101396	0.0001
31909	0.0001
3923449341026977	0.0001
3254	0.0001
123	0.0004
7343616	0.0001
16801187763021	0.0001
119026135687	0.0001
7295355	0.0001
17037520	0.0001
136	0.0006
159823204	0.0001
677543247106	0.0001
2759	0.0001
61676	0.0001
156	0.0003
11217827	0.0001
9083	0.0001
2667282998	0.0001
124509	0.0001
993	0.0001
1007798	0.0001
5085	0.0001
230121177455	0.0001
678731	0.0001
94366923890	0.0001
28649910	0.0001
1328112	0.0001
322783	0.0001
54935	0.0001
14088	0.0001
192836010	0.0001
3007	0.0001
4468	0.0001
726115325929327104	0.0001
167910	0.0001
35664	0.0001
12833563918	0.0001
979216	0.0001
960	0.0002
27464555	0.0001
415	0.0002
7240370	0.0001
161529	0.0001
646780222	0.0001
373360401913	0.0001
201083481	0.0001
12622248493	0.0001
54045910	0.0001
27175	0.0001
143368	0.0001
41844	0.0001
2263257	0.0001
8429	0.0001
23600143	0.0001
85297364	0.0001
2160383	0.0001
25543299656147	0.0001
8552858961	0.0001
53328	0.0001
9130	0.0001
32173	0.0001
89600	0.0001
910	0.0003
262	0.0003
182	0.0002
2308	0.0001
80451	0.0001
13311797	0.0001
1216398440719	0.0001
19438245	0.0001
8650997	0.0001
12589694	0.0001
2469	0.0001
12772919	0.0001
17882	0.0001
417321	0.0001
23806206480	0.0001
1665	0.0002
408913	0.0001
27094	0.0001
70122	0.0001
1182131	0.0001
46207910405	0.0001
231	0.0001
17650183	0.0001
1917	0.0001
114835	0.0001
9441	0.0001
34988	0.0001
1339	0.0001
6742036	0.0001
16950	0.0001
6279	0.0001
558044	0.0001
281565	0.0001
5898	0.0002
493	0.0003
3256	0.0001
184276	0.0001
1818	0.0001
1554	0.0002
2220	0.0002
128090150	0.0001
223812624714063	0.0001
1809	0.0001
27337	0.0001
4552	0.0001
24403	0.0001
6477855	0.0001
1058	0.0001
94696193	0.0001
14209	0.0001
75413	0.0001
475	0.0002
1828217826930	0.0001
44103	0.0001
43738925	0.0001
223799369	0.0001
10691044784769100	0.0001
1154	0.0001
9044	0.0001
2029528365354	0.0001
274968	0.0001
138	0.0003
35949994	0.0001
9050087	0.0001
234818	0.0001
1262383	0.0001
7299224	0.0001
16055663235562420	0.0001
66682831	0.0001
29336	0.0001
2264926	0.0001
6702	0.0001
2617225	0.0001
95993554	0.0001
24166	0.0002
7031948770513	0.0001
1750	0.0001
625050342392165888	0.0001
83733112	0.0001
66704	0.0001
4721	0.0001
32800410796375	0.0001
407616874	0.0001
36441	0.0001
6743	0.0001
752	0.0001
3365958	0.0001
25695	0.0001
2376745	0.0001
3381948781	0.0001
622311371	0.0001
2777	0.0001
10548	0.0001
10108	0.0001
28813086	0.0001
3390	0.0001
62376	0.0001
7286	0.0001
5972	0.0001
776	0.0001
41701890416	0.0001
1175	0.0001
314760046	0.0001
3163420	0.0001
92639	0.0001
5679	0.0001
6930	0.0001
800	0.0002
53785984	0.0001
2958273282434624512	0.0001
2012298456	0.0001
70827	0.0001
970603	0.0001
235309	0.0001
183019544	0.0001
2976	0.0001
13362	0.0001
7568	0.0001
1926	0.0001
9667211	0.0001
2636280	0.0001
14964163	0.0001
1238077	0.0001
2675933472	0.0001
711978	0.0001
735	0.0001
1202	0.0001
6880	0.0001
41097	0.0001
55	0.0012
242817	0.0001
1844	0.0001
1435569	0.0001
21825246576166	0.0001
25878007015	0.0001
25770246963	0.0001
404592900	0.0001
12777	0.0001
1048439	0.0001
28651358	0.0001
204853161	0.0001
307558	0.0001
102539	0.0001
4921	0.0001
4482	0.0001
471	0.0003
11721393035	0.0001
159588217032820000	0.0001
401693005143104960	0.0001
5208260	0.0001
4924	0.0001
29860351785	0.0001
150276023250	0.0001
329459361725	0.0001
164878	0.0001
347	0.0002
18458484530	0.0001
912320475	0.0001
542	0.0001
63355569318517168	0.0001
16119	0.0001
16224	0.0001
86	0.0011
75291	0.0001
165434801840	0.0001
1815	0.0001
9413817	0.0001
384546	0.0001
734741505	0.0001
1641	0.0001
10830054204	0.0001
65151817	0.0001
55422239	0.0001
4174	0.0001
13112576	0.0001
85169	0.0001
430	0.0001
574534925	0.0001
2768281511752	0.0001
425835416	0.0001
194471396048	0.0001
1574237070	0.0001
858	0.0001
14695254	0.0001
2214	0.0001
1768	0.0001
16076	0.0001
3294154510	0.0001
65	0.001
51271	0.0001
6102	0.0001
2008	0.0001
178102939985	0.0001
1682	0.0001
4197	0.0001
491660	0.0001
9600820358	0.0001
434209121	0.0001
466977	0.0001
150818024	0.0001
2546	0.0001
760	0.0001
9013	0.0001
49328	0.0001
54996	0.0001
33	0.0016
288	0.0004
463558	0.0001
707088355	0.0001
6227	0.0001
654	0.0002
25345	0.0001
877498278531369984	0.0001
7777585	0.0001
193706	0.0001
26103	0.0001
23602	0.0001
296610	0.0001
121317	0.0001
19	0.0032
271	0.0002
5534992	0.0001
113037	0.0001
4349	0.0001
297579584	0.0001
36458	0.0001
39604425	0.0001
9313685692311	0.0001
793771022	0.0001
35652	0.0001
2077	0.0001
19900500	0.0001
404586506	0.0001
759027145292	0.0001
1553	0.0001
63215	0.0001
23850	0.0001
55276	0.0001
43002	0.0001
171	0.0001
417099	0.0001
5879053667706	0.0001
3172826	0.0001
5892295	0.0001
9158146	0.0001
1013	0.0002
189896961317	0.0001
10575	0.0001
4813	0.0001
10975095537672	0.0001
449515	0.0001
99508967582335	0.0001
743	0.0001
3477384768627	0.0001
939294	0.0001
27721046	0.0001
10988	0.0001
4361450133	0.0001
29434	0.0001
515444	0.0001
221090897	0.0001
3197107589262	0.0001
9684087	0.0001
4449	0.0002
61448160859970232	0.0001
7278	0.0001
97065	0.0001
1542	0.0001
924	0.0001
321723025	0.0001
21673180	0.0001
9592934	0.0001
2662	0.0001
96240101	0.0001
2283396130	0.0001
11609	0.0001
2843	0.0001
6828086	0.0001
55218189	0.0001
37251240	0.0001
131766	0.0001
4298602	0.0001
413581	0.0001
1508164	0.0001
17278083	0.0001
4677499479870823424	0.0001
96751066	0.0001
103276	0.0001
9197538355	0.0001
14792	0.0001
4961971	0.0001
286642396	0.0001
120	0.0005
477	0.0001
14355	0.0001
11187	0.0001
190	0.0006
3639	0.0001
254706427	0.0001
39417475799	0.0001
660015665182	0.0001
916	0.0002
10623313	0.0001
14335	0.0001
16082	0.0001
47797	0.0001
57072	0.0001
16772	0.0001
173	0.0004
12	0.005
566680840054530	0.0001
1874555359137	0.0001
5341	0.0001
88150	0.0001
38159996	0.0001
335	0.0004
6803782	0.0001
517761599	0.0001
10953713	0.0001
3497007	0.0001
76969	0.0001
176133	0.0001
267459609	0.0001
316861677	0.0001
662	0.0001
10011	0.0001
8793	0.0001
446	0.0001
37673314	0.0001
5289279	0.0001
321	0.0003
397	0.0001
3487396	0.0001
733001718048500736	0.0001
1104	0.0001
67	0.0008
1870233	0.0001
12952	0.0001
136645429	0.0001
16204	0.0001
3851963	0.0001
9066694	0.0001
7097677	0.0001
858611	0.0001
49886681	0.0001
20058152	0.0001
14745016648759	0.0001
1592	0.0001
29092577	0.0001
6113994	0.0001
33053	0.0001
95476346926	0.0001
20534262611	0.0001
127862757	0.0001
3463034976	0.0001
324583577673	0.0001
1753631557198	0.0001
2637189	0.0001
1502273760	0.0001
3372	0.0001
26355	0.0001
4693647	0.0001
1294172	0.0001
7504	0.0001
1834	0.0002
362900970705	0.0001
217756252	0.0001
296832	0.0001
23918664	0.0001
308382	0.0001
3466578500	0.0001
41049333	0.0001
139075	0.0001
18387	0.0001
1316	0.0001
3161	0.0001
11476965759	0.0001
5575	0.0001
3700	0.0001
28274194798718208	0.0001
452	0.0001
190170	0.0001
12060	0.0001
1882838	0.0001
1132	0.0001
5906	0.0001
903	0.0001
22895	0.0001
264865	0.0001
7128804	0.0001
1275	0.0001
512	0.0001
351057	0.0001
459	0.0003
276	0.0006
25933100	0.0001
113341782285	0.0001
5037	0.0001
374789097025	0.0001
7963119240	0.0001
32071	0.0001
4138	0.0001
422	0.0001
777590	0.0001
16701	0.0001
203349	0.0001
327	0.0003
4324	0.0001
57961638	0.0001
8461	0.0001
1740	0.0001
159727	0.0001
2316	0.0001
135427485	0.0001
239987964	0.0001
587150	0.0001
1379440	0.0001
21116	0.0001
61680629	0.0001
41813414175	0.0001
675	0.0002
99	0.0005
5250	0.0001
49717	0.0001
12023514	0.0001
10623	0.0001
26	0.0032
3631	0.0001
5294745	0.0001
7828	0.0001
166	0.0002
654685	0.0001
27863302	0.0001
637	0.0001
174021330	0.0001
4026230	0.0001
2374409	0.0001
15393	0.0001
117	0.0011
33308719	0.0001
1019220724	0.0001
5219	0.0001
219242	0.0001
916192	0.0001
834004684925	0.0001
34522947	0.0001
123428830	0.0001
731	0.0001
1098418	0.0001
293919	0.0001
322442	0.0001
211	0.0001
890275820	0.0001
2460287941819194	0.0001
19747302148	0.0001
45024554719	0.0001
8888	0.0001
86007264805	0.0001
69	0.0009
1166	0.0002
3359776	0.0001
1895	0.0002
4097209819837	0.0001
13725904	0.0001
1713	0.0001
66098719	0.0001
98663	0.0001
5536862349	0.0001
2004	0.0001
133	0.0004
18243801818	0.0001
23253	0.0001
329904	0.0001
684862	0.0001
3097661176	0.0001
369	0.0001
43407	0.0001
107452	0.0001
25252	0.0001
598	0.0001
146	0.0003
1560	0.0001
51353	0.0001
11665	0.0001
1991	0.0001
1767	0.0001
1089653872	0.0001
18983303	0.0001
1619623	0.0001
40674274	0.0001
427885232590680704	0.0001
227378260	0.0001
108439	0.0001
19611423	0.0001
9957941694	0.0001
26954	0.0001
85318644	0.0001
2838598	0.0001
2285692753	0.0001
482	0.0002
6465982	0.0001
127998076476	0.0001
67912	0.0001
59418183	0.0001
7357	0.0001
2793145689	0.0001
20775	0.0001
156046728	0.0001
4385207	0.0001
13256	0.0001
107778	0.0001
2199	0.0001
354	0.0003
67543	0.0001
5699609725	0.0001
3130809	0.0001
149007	0.0001
4286	0.0001
2832610	0.0001
1038	0.0001
1456557260306157	0.0001
214	0.0002
12573	0.0001
6300953	0.0001
11117820577	0.0001
125932	0.0001
6936	0.0001
8733043	0.0001
398791322572	0.0001
650759399059	0.0001
2893	0.0001
30813	0.0001
6711	0.0001
10235857	0.0001
77080461	0.0001
154740571	0.0001
422844	0.0001
90297	0.0001
690	0.0001
27852131646562	0.0001
10199	0.0001
210260300301078	0.0001
531	0.0001
1796175109	0.0001
2564505314	0.0001
539380048	0.0001
9467	0.0001
4618	0.0001
655478	0.0001
874278	0.0001
20560	0.0001
127744	0.0001
31261970739018	0.0001
2233	0.0001
12762	0.0001
345728202477	0.0001
13125	0.0001
100834136	0.0001
348118	0.0001
1173110	0.0001
4745	0.0001
5224883694352	0.0001
3697413	0.0001
66544	0.0001
27639	0.0001
2157	0.0001
11	0.0064
9092	0.0001
140686731697	0.0001
10672216	0.0001
1069207607414	0.0001
1235	0.0001
426020	0.0001
102721062618672	0.0001
32692	0.0001
86706943413391	0.0001
11930149309	0.0001
1603995	0.0001
971	0.0001
2241691	0.0001
5441499	0.0001
1206	0.0001
10138	0.0001
46094	0.0001
53965967	0.0001
1248067767	0.0001
23996	0.0001
1607	0.0001
503990	0.0001
32367389	0.0001
753	0.0002
11322699374858852	0.0001
25034	0.0001
26720100	0.0001
63816	0.0001
4201	0.0001
17993422	0.0001
2614807059	0.0001
71988052988813	0.0001
203	0.0004
1189	0.0002
5115369107	0.0001
1125386588	0.0001
8556	0.0001
24985	0.0001
8736	0.0001
7071815	0.0001
25165946516	0.0001
42699	0.0001
1995148	0.0001
624	0.0001
719030	0.0001
828620056	0.0001
4476	0.0001
936	0.0001
50561	0.0001
411033	0.0001
132537895600397072	0.0001
920342	0.0001
118	0.0006
863819	0.0001
952	0.0001
19577696	0.0001
135717640	0.0001
1927764880	0.0001
134586	0.0001
1219	0.0002
1042342624	0.0001
207077	0.0001
7890466	0.0001
53647	0.0001
625563	0.0001
6424	0.0002
1227	0.0001
1442944204	0.0001
58393911993479	0.0001
1075209	0.0001
159070162	0.0001
160	0.0005
108138	0.0001
14614957	0.0001
794	0.0002
1154507	0.0001
4426799	0.0001
1888	0.0001
2872762244	0.0001
6843	0.0001
10613839833	0.0001
7957606658992	0.0001
16080716	0.0001
1570	0.0001
11356209	0.0001
568800	0.0001
12938	0.0001
12730050	0.0001
53785270	0.0001
938	0.0001
933	0.0002
17951	0.0001
16649	0.0001
62272507	0.0001
329	0.0003
53265	0.0001
22246	0.0001
141689	0.0001
496	0.0002
79554501411106	0.0001
268721721	0.0001
393	0.0001
1264334779610	0.0001
173372622	0.0001
22908562637	0.0001
19391757010709	0.0001
1924	0.0002
4233	0.0001
57254692	0.0001
6110	0.0002
104843152370	0.0001
14065359	0.0001
10	0.0065
27	0.0027
5169	0.0001
100466	0.0001
9197058	0.0001
352238	0.0001
52882308532971608	0.0001
2501322126	0.0001
141759	0.0001
1902523	0.0001
38255	0.0001
31611600	0.0001
333323935286	0.0001
327826	0.0001
41363163	0.0001
215033764	0.0001
1074	0.0001
359	0.0001
70966267	0.0001
2481	0.0001
61380881248	0.0001
124	0.0006
24611449615	0.0001
6978709952987	0.0001
558514	0.0001
1256386	0.0001
864	0.0001
2615	0.0001
928	0.0002
356972	0.0001
2438	0.0001
14095	0.0001
39259	0.0001
21512245	0.0001
12372	0.0002
3824	0.0001
483	0.0002
2172	0.0001
4211	0.0001
462342783678	0.0001
623373924657045	0.0001
5194	0.0001
3814087043	0.0001
6774	0.0001
1396	0.0002
266	0.0002
31760	0.0001
389156	0.0001
373643	0.0001
5992	0.0001
513	0.0002
974942	0.0001
232961	0.0001
1206369	0.0001
610	0.0001
2332121	0.0001
907704	0.0001
5187	0.0001
4602036	0.0001
11263	0.0001
2289	0.0001
772	0.0002
25872271399	0.0001
3829	0.0001
1037756	0.0001
20664	0.0001
4627965665	0.0001
485672	0.0001
959	0.0001
1252247	0.0001
26542	0.0001
3630	0.0001
7746	0.0001
3062	0.0001
14330	0.0001
440033	0.0001
126758	0.0001
2558917	0.0001
1613	0.0001
6379364736198	0.0001
2010	0.0001
71793834	0.0001
7355	0.0001
16182	0.0001
1338	0.0001
2554	0.0001
15898	0.0001
10282844304944804	0.0001
16283	0.0001
6006	0.0001
94951	0.0001
19146	0.0001
1017	0.0001
365854650964039424	0.0001
91042581704723472	0.0001
18972	0.0001
5920313699	0.0001
2143	0.0001
507	0.0001
1614	0.0001
243762335590109664	0.0001
460369	0.0001
2280	0.0001
1111	0.0002
55598	0.0001
37719	0.0001
96	0.0011
491	0.0001
2629639866	0.0001
3698	0.0001
5269	0.0001
26267	0.0001
102587067141102	0.0001
372920	0.0001
793194458807020672	0.0001
1596	0.0001
263	0.0003
59852	0.0001
1850	0.0001
1423	0.0001
181	0.0003
13364	0.0001
72533	0.0001
9901427	0.0001
306718	0.0001
12695	0.0001
168	0.0003
254140	0.0001
4691	0.0001
10640323	0.0001
18962	0.0001
1933622	0.0001
175983124	0.0001
743908997	0.0001
732115910	0.0001
186461	0.0001
18546981	0.0001
401575	0.0001
19597	0.0001
32515229994532184	0.0001
31206	0.0001
7853	0.0001
3363773	0.0001
104282451775964704	0.0001
714159553985	0.0001
187683812527117	0.0001
660145	0.0001
2247488	0.0001
1519155350	0.0001
254179765	0.0001
618	0.0001
115270887784419	0.0001
1974662	0.0001
45044	0.0001
3422323001	0.0001
1118	0.0001
39424341	0.0001
1662177	0.0001
65149536825671	0.0001
15167	0.0001
10098664	0.0001
10443491535664724	0.0001
91890970	0.0001
521	0.0001
1650267093	0.0001
454	0.0003
170	0.0006
534615	0.0001
19725	0.0001
24192	0.0001
72	0.0008
4312	0.0001
124931046183	0.0001
687767022	0.0001
10853684	0.0001
123142948464	0.0001
734113	0.0001
3324062	0.0001
470	0.0003
1724	0.0001
16434167713	0.0001
886355	0.0001
6839535	0.0001
5694	0.0001
17143362	0.0001
238	0.0002
462735037085142	0.0001
1707	0.0001
1843184371	0.0001
44688262	0.0001
15	0.0046
3710	0.0001
11240	0.0001
19838752283	0.0001
153125	0.0001
511148	0.0001
4017553183837	0.0001
81558	0.0001
2230126	0.0001
280	0.0002
34105	0.0001
73066	0.0001
230919278939	0.0001
73154	0.0001
437	0.0001
5899843	0.0001
2879	0.0001
9073	0.0001
3070	0.0001
1650	0.0001
62848409	0.0001
3484669916052313088	0.0001
1084549359089	0.0001
8047	0.0001
6195595389	0.0001
3466552	0.0001
24487	0.0001
14624	0.0001
390	0.0002
4232794	0.0001
2681	0.0002
44980	0.0001
10519638	0.0001
981932657158336	0.0001
1278506823	0.0001
101272122939406	0.0001
1034213	0.0001
11581038482	0.0001
850698	0.0001
1383	0.0002
1047	0.0001
640184	0.0001
51048760	0.0001
3723627	0.0001
319	0.0001
1845	0.0001
41095	0.0001
285047108	0.0001
609	0.0001
42242467	0.0001
1295297475216270	0.0001
1642963	0.0001
490	0.0001
378	0.0001
7590979	0.0001
28315	0.0001
25757	0.0001
172596	0.0001
2783720802	0.0001
36801	0.0001
1287045	0.0001
2671058	0.0001
221	0.0003
36022	0.0001
3873	0.0001
71896	0.0001
877	0.0001
129	0.0006
2781189	0.0001
6700997	0.0001
58519809	0.0001
626452	0.0001
108040	0.0001
223	0.0001
49059544317	0.0001
7726	0.0001
10968	0.0001
44161	0.0001
18918	0.0001
480914766073	0.0001
1174	0.0001
75531373	0.0001
52837090150	0.0001
145184	0.0001
80880	0.0001
165841647	0.0001
12296810	0.0001
55810208784	0.0001
1069	0.0001
9	0.0083
2311	0.0001
2059	0.0001
161	0.0005
3774387	0.0001
1264	0.0001
140995427735453792	0.0001
410043178527669	0.0001
144	0.0005
7914206	0.0001
82165	0.0001
2326005676	0.0001
71813	0.0001
1208	0.0001
237565908748767008	0.0001
59194211791	0.0001
1323	0.0001
1684916	0.0001
171315	0.0001
73693	0.0001
168876	0.0001
16803	0.0001
180935683	0.0001
11345459966171	0.0001
2676034	0.0001
4128	0.0001
57698432	0.0001
672433489	0.0001
81221365	0.0001
317	0.0007
2079284	0.0001
13255708	0.0001
116341640	0.0001
1937247	0.0001
3029	0.0001
631231	0.0001
2604219	0.0001
27606	0.0001
2337585	0.0001
1395408	0.0001
4673321	0.0001
7224	0.0001
206434	0.0001
1490	0.0002
334872549029	0.0001
35922886	0.0001
539510446	0.0001
65145112009735008	0.0001
23893425	0.0001
4051	0.0001
14319760055	0.0001
21650	0.0001
2994	0.0001
1997	0.0001
659701469	0.0001
529	0.0001
130090189	0.0001
172278	0.0001
3094	0.0001
5584191	0.0001
264840	0.0001
743459	0.0001
322	0.0001
821	0.0001
1375218012	0.0001
24217293359565	0.0001
152920365	0.0001
3152617341	0.0001
44903860	0.0001
3032	0.0001
3853	0.0001
23284085892911	0.0001
8409	0.0001
679438	0.0001
16445567	0.0001
162592	0.0001
268300	0.0001
112315	0.0001
135732943771	0.0001
10424	0.0001
1442	0.0001
375777	0.0001
907	0.0001
407446482	0.0001
15076	0.0001
167194	0.0001
1213767	0.0001
33150104301	0.0001
233648614	0.0001
66688	0.0001
9124	0.0001
2515	0.0001
256933656153458	0.0001
1469710815	0.0001
1449546	0.0001
104686	0.0001
22542924	0.0001
22921	0.0001
405124	0.0001
41739	0.0001
770600	0.0001
8027	0.0001
255191	0.0001
159	0.0008
6626	0.0001
231708	0.0001
295	0.0001
125086	0.0001
101404743510907	0.0001
172534290	0.0001
296	0.0001
485	0.0001
961254317635	0.0001
5010	0.0001
44585	0.0001
29949484	0.0001
150900	0.0001
4800	0.0001
38658239	0.0001
43676	0.0001
462876214	0.0001
991	0.0002
106315	0.0001
2760	0.0001
32629	0.0001
78328592997352	0.0001
163138	0.0001
1223	0.0001
182058819484877	0.0001
2239	0.0001
28441	0.0001
2012531	0.0001
3185376	0.0001
565656297	0.0001
5437	0.0001
1249392	0.0001
152	0.0006
1326816583	0.0001
64272	0.0001
43787	0.0001
18216736	0.0001
6357852278	0.0001
16789315120006	0.0001
3870	0.0001
71298865	0.0001
1215	0.0001
509	0.0002
199375317	0.0001
159694987	0.0001
506597106733242	0.0001
5702	0.0001
1509	0.0001
534050843456150	0.0001
222	0.0001
25039438123	0.0001
273	0.0001
27907	0.0001
231059817	0.0001
3076	0.0001
18985621	0.0001
164051142	0.0001
113715	0.0001
10862	0.0001
180633970	0.0001
134069	0.0001
1026	0.0001
740250	0.0001
24691	0.0001
197856182	0.0001
37679	0.0001
2943298	0.0001
279656	0.0001
632851463	0.0001
4316718	0.0001
36723	0.0001
256	0.0002
21615	0.0001
5827411597180188672	0.0001
277	0.0003
2044910	0.0001
82	0.0007
18843318	0.0001
4172099	0.0001
28062163	0.0001
5198	0.0001
1497	0.0001
1083	0.0003
302	0.0001
12110	0.0001
125	0.0007
32834471708	0.0001
173916789	0.0001
454634613	0.0001
47221769	0.0001
26383	0.0001
127459702	0.0001
10631	0.0001
3449421	0.0001
7741228	0.0001
34074592531665	0.0001
16988114918854788	0.0001
53	0.0013
71761867372	0.0001
492781695803	0.0001
12222334777530	0.0001
833	0.0002
15945	0.0001
1401099	0.0001
18179	0.0001
212433809508	0.0001
166652197	0.0001
13958729	0.0001
11576296	0.0001
1499	0.0001
12196	0.0001
1180	0.0001
93760	0.0001
26576	0.0001
76742	0.0001
1128380	0.0001
52146399	0.0001
1773	0.0002
2718	0.0001
100040	0.0001
560531997954338	0.0001
174754	0.0001
74755857	0.0001
31498	0.0001
16170	0.0001
419115	0.0001
2551888	0.0001
1581877	0.0001
8223508008	0.0001
2163	0.0001
2512502722	0.0001
10292128497592	0.0001
820422911	0.0001
1422	0.0001
415046661752	0.0001
58519	0.0001
539	0.0002
93	0.0005
1251536	0.0001
1316369927058333	0.0001
5256932	0.0001
189826813103	0.0001
65588207775199	0.0001
5612	0.0001
35154	0.0001
1942	0.0001
2106913261	0.0001
3310	0.0001
1122345	0.0001
11521875	0.0001
1747549	0.0001
1184078	0.0001
63	0.0011
37488	0.0001
3891	0.0001
32850899201	0.0001
3908	0.0001
2252	0.0001
169481061	0.0001
8714	0.0001
155502950	0.0001
14762	0.0001
33268642	0.0001
1408892	0.0001
102050619945	0.0001
1710868	0.0001
579	0.0001
77	0.0009
5287214	0.0001
168635	0.0001
177	0.0002
495539	0.0001
119535846994066	0.0001
39840	0.0001
132368	0.0001
32301	0.0001
2569778125	0.0001
132	0.0004
94358	0.0001
533840	0.0001
401511	0.0001
14305	0.0001
35510173	0.0001
35486	0.0001
1190	0.0001
79024923	0.0001
301344392328236	0.0001
9425722	0.0001
3257372	0.0001
40375	0.0001
82945	0.0001
976	0.0001
45634167	0.0001
206810	0.0001
1417370	0.0001
22243826730	0.0001
29115029951	0.0001
33559452	0.0001
2106	0.0002
1219357266965636	0.0001
1326736085874	0.0001
14178	0.0001
19403	0.0001
120789	0.0001
8189	0.0001
12937	0.0001
75909	0.0001
2399	0.0001
32782658	0.0001
985	0.0001
219	0.0003
633002291045394	0.0001
259	0.0001
330964	0.0001
10807384468702	0.0001
479375	0.0001
1176	0.0001
1177209064006	0.0001
4205050	0.0001
47798485686	0.0001
2355	0.0001
1864	0.0001
543	0.0001
648	0.0001
33209063	0.0001
4038703720390	0.0001
112906456	0.0001
369629376	0.0001
83285530	0.0001
17325175	0.0001
2052	0.0001
304263420	0.0001
29	0.0024
251	0.0003
7317	0.0001
3557021	0.0001
2071589	0.0001
13529	0.0001
131552490630553	0.0001
632	0.0001
32030538	0.0001
23018	0.0001
92	0.0004
2084330	0.0001
316549	0.0001
222524	0.0001
681	0.0001
601023	0.0001
15256	0.0001
240482	0.0001
1229	0.0001
291748090	0.0001
19427	0.0001
2437	0.0001
2308306647378	0.0001
794197011	0.0001
183028	0.0001
31938	0.0001
510806185	0.0001
4579	0.0001
53656771	0.0001
177558471649	0.0001
164921482	0.0001
1047126	0.0001
1907	0.0001
160482015	0.0001
15820419	0.0001
4596878	0.0001
53769	0.0001
77603796	0.0001
604516	0.0001
18902	0.0001
2779505	0.0001
558230	0.0001
4002619	0.0001
865	0.0001
38164433551	0.0001
116697	0.0001
344	0.0002
57842	0.0001
6575	0.0002
882046820	0.0001
526	0.0001
12657115196	0.0001
1822	0.0002
979019	0.0001
15527066144	0.0001
1019884	0.0001
86542	0.0001
1825659978	0.0001
10622	0.0001
1678	0.0001
11682	0.0001
27185130600	0.0001
151366	0.0001
1671	0.0001
127688380088476496	0.0001
3957	0.0001
73433813	0.0001
19484	0.0001
2260297550711	0.0001
1659	0.0001
6156202934700442	0.0001
323279	0.0001
53627	0.0001
457139	0.0001
1327199637891	0.0001
1469025952561202	0.0001
453768	0.0001
32522	0.0001
279	0.0002
2267	0.0001
248971988740974	0.0001
1147	0.0001
1631588998013	0.0001
81924	0.0001
3663	0.0001
24875	0.0001
19547385	0.0001
2217	0.0001
33014	0.0001
74654	0.0001
52051965731	0.0001
48371	0.0001
58	0.0009
6380	0.0001
55330558	0.0001
1632251871	0.0001
1130	0.0001
1869848	0.0001
2345373	0.0001
14019	0.0001
30223750	0.0001
918	0.0001
81252	0.0001
483694	0.0001
117652	0.0001
3796	0.0001
243	0.0001
3130845	0.0001
1154905	0.0001
6339	0.0001
2464	0.0001
2763585	0.0001
8791992	0.0001
61559594022422992	0.0001
4126082490123637	0.0001
9956	0.0001
16780	0.0001
8417	0.0001
14681	0.0001
1276812	0.0001
1362	0.0001
3123325	0.0001
128	0.0002
677	0.0001
1198	0.0001
3011421	0.0001
4172	0.0001
666	0.0003
4591	0.0001
7703	0.0001
19199	0.0001
300763462	0.0001
52608	0.0001
4461	0.0001
24539	0.0001
6931	0.0001
55555483	0.0001
819407181	0.0001
138499	0.0001
27279740	0.0001
187415	0.0001
2624	0.0001
44418	0.0001
155635	0.0001
17451604	0.0001
60593	0.0001
4105851988771	0.0001
8912412828	0.0001
70468	0.0001
942	0.0001
1220	0.0001
8061968	0.0001
99829769	0.0001
169769	0.0001
33209092391839	0.0001
70	0.0007
987	0.0001
24985164616528	0.0001
679	0.0001
899999045	0.0001
7362	0.0001
1545	0.0001
132972312282	0.0001
3968	0.0001
48114320	0.0001
336	0.0001
12959911	0.0001
245	0.0003
10432013889418	0.0001
27169239399068	0.0001
586488612248597	0.0001
22816783398201508	0.0001
192	0.0005
233	0.0004
5793132	0.0001
51763758052	0.0001
535	0.0001
13896475	0.0001
237911333736927776	0.0001
17067	0.0001
13617505	0.0001
4960	0.0001
1916	0.0002
479724750283598848	0.0001
2186748655	0.0001
72797866346	0.0001
52923754	0.0001
17506	0.0001
10744	0.0001
32369280425	0.0001
2367	0.0001
126519293	0.0001
3797	0.0001
5994896072	0.0001
12093	0.0001
1337223458	0.0001
26697	0.0001
842	0.0001
342	0.0001
248347	0.0001
1738894855106	0.0001
79440	0.0001
3410	0.0001
67343	0.0001
5407	0.0001
63288594853308976	0.0001
53438	0.0001
24922593827	0.0001
854	0.0001
212	0.0003
47480688289	0.0001
112	0.0004
1513883806	0.0001
414881	0.0001
14966944	0.0001
4207153996246	0.0001
17654052548578	0.0001
770083232	0.0001
3745783064	0.0001
14886024936	0.0001
1010305	0.0001
353767845313	0.0001
18265	0.0001
243570	0.0001
2917	0.0001
921	0.0001
4061174137	0.0001
905104297	0.0001
20337467492459664	0.0001
24819259250747	0.0001
7781	0.0001
211425253879	0.0001
657245764027	0.0001
1194154	0.0001
29367	0.0001
5299521	0.0001
1778	0.0001
377082	0.0001
4815	0.0001
274709513047494560	0.0001
320	0.0002
207	0.0002
14195355	0.0001
34788043292	0.0001
15541741	0.0001
1589	0.0001
516411283	0.0001
527	0.0001
327084177	0.0001
406591	0.0001
2682	0.0001
2642188	0.0001
635091	0.0001
22663	0.0001
23730303	0.0001
457458736	0.0001
392701	0.0001
1204	0.0001
19182	0.0001
4509	0.0001
2150839213563	0.0001
17603713	0.0001
12273	0.0001
3774377556172129	0.0001
22078	0.0001
3484	0.0002
239556279053	0.0001
9577	0.0001
76748	0.0001
10692985	0.0001
64424081	0.0001
206650972	0.0001
107	0.0004
61357473	0.0001
9594242688	0.0001
2959	0.0001
1314	0.0001
3439006	0.0001
13804	0.0001
1347	0.0002
40964827259	0.0001
83757391183994	0.0001
11470	0.0001
975	0.0003
4745479336	0.0001
316	0.0001
2068	0.0001
1189567078125302	0.0001
483483003671	0.0001
5494	0.0001
4626	0.0001
809035	0.0001
5089535	0.0001
101730367	0.0001
84789	0.0001
1004312	0.0001
1323862871	0.0001
86529	0.0001
345988	0.0001
71038	0.0001
269067	0.0001
2759132947449	0.0001
588592790	0.0001
1127323000	0.0001
1071007	0.0001
1009	0.0001
21938	0.0001
157938	0.0001
1486497048	0.0001
259738	0.0001
1593737932677	0.0001
98758	0.0001
1742070367186	0.0001
1780	0.0001
7148048336121808	0.0001
4888456964	0.0001
8757744	0.0001
5648	0.0001
765	0.0003
15692	0.0001
240775058193371	0.0001
265587370808	0.0001
414417183	0.0001
2600	0.0001
8614	0.0001
86384	0.0001
537766952	0.0001
4569	0.0002
732	0.0001
287668	0.0001
535898759286	0.0001
1194	0.0001
23871672912	0.0001
10586810077	0.0001
157925543	0.0001
358540888166	0.0001
3499316	0.0001
11230	0.0001
1383344	0.0001
104450990	0.0001
13320	0.0001
115592814714	0.0001
8283	0.0001
1241	0.0001
17127188	0.0001
63766534	0.0001
3529	0.0001
547	0.0002
10431826463733644	0.0001
6947940	0.0001
185274031	0.0001
57621110058427760	0.0001
168611347	0.0001
8976	0.0001
230	0.0004
35955	0.0001
72351	0.0001
21133	0.0001
6373	0.0001
5463535280	0.0001
1529	0.0002
173196	0.0001
9355	0.0001
9207	0.0001
39265795	0.0001
4390698	0.0001
73985810	0.0001
3543946	0.0001
611014968	0.0001
31	0.0025
54	0.0014
59649491681	0.0001
32	0.0018
9179	0.0001
1959918	0.0001
57659250	0.0001
62865	0.0001
2235927669376676096	0.0001
1255	0.0001
1294170	0.0001
3187	0.0001
238258	0.0001
11576968	0.0001
16602207	0.0001
19350	0.0001
357791937025	0.0001
76316	0.0001
83787935	0.0001
8152490	0.0001
8944487	0.0001
155285752946109	0.0001
4981	0.0001
540	0.0001
4706982593	0.0001
403959913644	0.0001
45193428	0.0001
19310	0.0001
558597	0.0001
1356	0.0001
12373	0.0001
7743	0.0001
120686801343885	0.0001
308	0.0001
15524	0.0001
16191	0.0001
4040	0.0001
106770439055	0.0001
93750626285686992	0.0001
2246791521	0.0001
147	0.0003
1012	0.0001
14339	0.0001
59199714526566	0.0001
28200107	0.0001
5628	0.0001
47983	0.0001
500	0.0002
3141145840	0.0001
34550397	0.0001
1003	0.0002
17599	0.0001
572077512	0.0001
66018471	0.0001
13817883	0.0001
111820113191090	0.0001
8187	0.0001
7252802789878	0.0001
295011	0.0001
1888185	0.0001
11270659720392368	0.0001
2770	0.0002
30977	0.0001
4634346	0.0001
99166	0.0001
164381125	0.0001
19423	0.0001
1166060	0.0001
848	0.0001
153150094	0.0001
1536493	0.0001
84223073752585600	0.0001
289434	0.0001
105738	0.0001
744	0.0001
533	0.0003
3313	0.0001
709730	0.0001
5253	0.0001
61342	0.0001
751559	0.0001
1664	0.0001
964	0.0001
596522	0.0001
253086	0.0001
484332	0.0001
9668	0.0001
49501	0.0001
523	0.0001
95998676	0.0001
3039326	0.0001
49574	0.0001
566491	0.0001
11994	0.0001
16442698	0.0001
15280	0.0001
1107141	0.0001
1451	0.0001
18778	0.0001
220	0.0001
27310956	0.0001
2655	0.0001
2482	0.0001
1233	0.0002
496552	0.0001
1429	0.0002
26448539222972	0.0001
18686136620032	0.0001
6659	0.0001
41957987538	0.0001
289	0.0001
40	0.0013
122117944	0.0001
99771	0.0001
139406	0.0001
286	0.0003
2717447	0.0001
25318283385964832	0.0001
2339295	0.0001
1624	0.0001
16266	0.0001
8146	0.0001
38631249289094	0.0001
398483	0.0001
2478558	0.0001
251464	0.0001
20161	0.0001
97	0.0013
25985	0.0001
321952	0.0001
1581657847336496384	0.0001
680034263688	0.0001
225866	0.0001
8438366341	0.0001
95047	0.0001
2182	0.0001
707	0.0001
4595293	0.0001
10060621685797	0.0001
172416	0.0001
47702	0.0001
559	0.0002
21110809	0.0001
2603	0.0001
599253791199	0.0001
792391	0.0001
14720182	0.0001
67123945	0.0001
5581642	0.0001
184039474	0.0001
432484	0.0001
2050	0.0001
152381977	0.0001
2476	0.0001
7567607096567	0.0001
275465	0.0001
1697783	0.0001
4754	0.0001
97568007	0.0001
2877886699470	0.0001
51809	0.0001
23675224519072340	0.0001
427	0.0001
1361973	0.0001
6231	0.0001
3605	0.0001
6072	0.0001
7665853133	0.0001
7622941669326156	0.0001
992	0.0001
964128352	0.0001
43867	0.0001
59146	0.0001
67378856	0.0001
3420	0.0001
149374608004	0.0001
213352867	0.0001
28563	0.0001
2331642067	0.0001
45625788394	0.0001
22601156	0.0001
3217	0.0001
36988	0.0001
377535916	0.0001
4993	0.0001
626	0.0001
6749	0.0001
11598	0.0001
29328919	0.0001
170231217283	0.0001
18876780	0.0001
299331	0.0001
137802164311	0.0001
5614	0.0001
281	0.0002
14947332661	0.0001
1152	0.0001
131	0.0003
183241	0.0001
32753931	0.0001
771807	0.0001
554380618	0.0001
45355351	0.0001
2946317	0.0001
348172	0.0001
26682986338	0.0001
1456674824153	0.0001
2006018361	0.0001
5755315	0.0001
3242440478170	0.0001
739	0.0001
113	0.0004
21703	0.0001
4313	0.0001
95867	0.0001
1507095326121	0.0001
102018	0.0001
198	0.0005
22095	0.0001
192456095315	0.0001
587538	0.0001
2236	0.0001
7806	0.0001
8209	0.0001
53305	0.0001
584	0.0001
8861	0.0001
1058040652	0.0001
2685	0.0001
32166	0.0001
118838978	0.0001
151924669913245760	0.0001
3821	0.0001
2353931	0.0001
705379199	0.0001
13081245	0.0001
1748	0.0001
3747	0.0001
663983	0.0001
34129	0.0001
2725438070	0.0001
94	0.0012
86619479	0.0001
361	0.0002
565	0.0001
845	0.0001
125044	0.0001
851483425133963	0.0001
104396	0.0001
1318	0.0001
1290231	0.0001
26509274951856	0.0001
1725	0.0001
430728928	0.0001
9006	0.0001
389	0.0003
940602722	0.0001
41867573	0.0001
2664	0.0001
8478	0.0001
2636718159	0.0001
1265038923	0.0001
76	0.0008
299837224	0.0001
859543686912	0.0001
2658013	0.0001
366	0.0001
1457	0.0001
324286	0.0001
27192	0.0001
575	0.0001
1184	0.0002
22850	0.0001
121331722607042	0.0001
1894	0.0001
2534500	0.0001
2143005827997	0.0001
2561392846	0.0001
180434352974	0.0001
67317326	0.0001
10930	0.0002
333955191956	0.0001
4715361	0.0001
4600	0.0001
1164412	0.0001
2809733938	0.0001
449	0.0003
68	0.0006
2359876560883	0.0001
356300522	0.0001
71255	0.0001
3983813157	0.0001
2455336193	0.0001
25573	0.0001
3199	0.0001
206	0.0002
739768	0.0001
64670	0.0001
988216	0.0001
18789851	0.0001
244691656	0.0001
16455	0.0001
326179341301927	0.0001
2526207568	0.0001
187	0.0002
54146	0.0001
130395115875	0.0001
604580186858761	0.0001
20751	0.0001
1967360316	0.0001
10973	0.0001
352	0.0001
51932	0.0001
36934	0.0001
15575090	0.0001
21585224071477	0.0001
710	0.0001
446222503066295	0.0001
8292992671933	0.0001
374211	0.0001
339	0.0002
631286528	0.0001
18720	0.0001
6820	0.0001
6545514986369	0.0001
71514840415	0.0001
172	0.0005
6980525691	0.0001
7104952422	0.0001
2043	0.0001
47054	0.0001
988	0.0001
3692	0.0001
1086	0.0001
355	0.0002
1306718	0.0001
462	0.0002
81421	0.0001
2610033	0.0001
292004553109756	0.0001
63676459848122	0.0001
223110282	0.0001
99320600	0.0001
766687974895	0.0001
4685	0.0001
615	0.0001
66671	0.0001
394	0.0001
1120507	0.0001
17807	0.0001
962321	0.0001
2980247	0.0001
746259651559	0.0001
8907303	0.0001
17634181446008176	0.0001
2438612734	0.0001
54187365695	0.0001
59837514	0.0001
309	0.0002
501	0.0001
8888174	0.0001
179718877	0.0001
696	0.0001
105807077	0.0001
20520	0.0001
384395668	0.0001
1114	0.0001
8704	0.0001
30	0.0023
1690	0.0001
11947637038281	0.0001
353980914	0.0001
522286573518556	0.0001
882313285	0.0001
305	0.0003
21967062	0.0001
751	0.0001
2111049445626490	0.0001
598814664	0.0001
140	0.0006
194	0.0003
331597	0.0001
720	0.0002
168427845316528	0.0001
16931	0.0001
38707	0.0001
221271	0.0001
157401	0.0001
923446993	0.0001
2140692476768323584	0.0001
448997342886219	0.0001
3534	0.0001
1533193141	0.0001
833696618	0.0001
456798	0.0001
4678	0.0001
2145846	0.0001
108687934	0.0001
465	0.0002
43180481	0.0001
34228149583663528	0.0001
324	0.0001
6228	0.0001
2026	0.0001
719	0.0002
3342413936	0.0001
2443	0.0002
3404	0.0001
787728	0.0001
22276	0.0001
466314	0.0001
97852376	0.0001
3834256	0.0001
31249739272	0.0001
560628566210	0.0001
1159644119904168	0.0001
2990118901474	0.0001
4502	0.0001
436	0.0001
537	0.0003
7905892	0.0001
19362667	0.0001
65047837	0.0001
2210	0.0001
66314	0.0001
52512291093141064	0.0001
20080	0.0001
1319836	0.0001
290	0.0001
231697	0.0001
689736422	0.0001
2028	0.0001
249	0.0001
590090	0.0001
676924564	0.0001
4627	0.0001
1890973896	0.0001
2472	0.0001
19984965	0.0001
1814	0.0001
1210	0.0001
36866590490964	0.0001
5008456	0.0001
300	0.0001
74	0.0008
2322867965	0.0001
3568	0.0001
25951388	0.0001
1630	0.0001
5313	0.0001
722499996	0.0001
1314942	0.0001
20595	0.0001
13416	0.0001
105	0.0006
37025392	0.0001
254693384	0.0001
1014618421507	0.0001
7500435600	0.0001
291618534885175680	0.0001
642	0.0001
1028	0.0001
46055764393	0.0001
12928203	0.0001
2900	0.0001
785	0.0001
84667682884	0.0001
165618105547	0.0001
1834555952	0.0001
13531	0.0001
42334	0.0001
1165	0.0001
1066462896873	0.0001
27187	0.0001
80008573726527	0.0001
22180	0.0001
8877361793975	0.0001
24792	0.0001
1635	0.0001
151462485914	0.0001
187658	0.0001
194380	0.0001
394324	0.0001
2009589	0.0001
810	0.0001
112642	0.0001
11263139	0.0001
4190522	0.0001
12571	0.0001
11741	0.0001
5379428	0.0001
9902771996280744	0.0001
863795	0.0001
1268239741	0.0001
63897942	0.0001
384793	0.0001
802	0.0001
606960364	0.0001
248	0.0005
1404	0.0002
3330	0.0001
1601746	0.0001
131964364	0.0001
141	0.0004
120396	0.0001
17942	0.0001
7420	0.0001
3358	0.0001
4722198	0.0001
7295	0.0001
2628957799	0.0001
6851660	0.0001
1705892385362	0.0001
8808	0.0001
184520	0.0001
1034	0.0002
9495	0.0001
3440919	0.0001
3848207	0.0001
135855510206	0.0001
15745	0.0001
11161	0.0001
64129	0.0001
51147437	0.0001
1035332350	0.0001
4120	0.0001
192252965	0.0001
5031	0.0001
1281	0.0001
3767	0.0001
33798	0.0001
24432	0.0001
11247551898840	0.0001
11571	0.0001
380	0.0001
5	0.0129
37719270281901	0.0001
4460	0.0001
142947	0.0001
9057	0.0001
43603	0.0001
3538	0.0001
691444065	0.0001
314031	0.0001
2069	0.0001
530	0.0003
18790869	0.0001
24992	0.0001
25404789	0.0001
16945	0.0001
12442957	0.0001
50807825	0.0001
1257	0.0002
220986336088	0.0001
115	0.0005
16951	0.0001
2539	0.0001
549	0.0002
1000	0.0002
6501	0.0001
33966181197	0.0001
121351418197	0.0001
11847	0.0001
292086403578076	0.0001
25403018245559160	0.0001
1742	0.0001
19594	0.0001
686471	0.0001
756378858938	0.0001
1562756762	0.0001
91264578169	0.0001
16865	0.0001
15653386442242	0.0001
18234552	0.0001
187795	0.0001
567872	0.0001
67417	0.0001
59979233424	0.0001
135417722588	0.0001
2935218	0.0001
1766	0.0001
349	0.0001
55764507	0.0001
593	0.0002
688774	0.0001
9077	0.0001
1432476	0.0001
518670438465	0.0001
21217	0.0001
886924	0.0001
473	0.0004
63597091	0.0001
8394912	0.0001
15400887910962576	0.0001
25938	0.0001
2527662	0.0001
99953	0.0001
114515050393737	0.0001
39	0.0015
406	0.0003
576	0.0004
1941453	0.0001
69119	0.0001
180	0.0008
16641	0.0001
168883	0.0001
7780	0.0001
19673	0.0002
486839163257961	0.0001
3269070062	0.0001
12626892498124	0.0001
1846650	0.0001
88130	0.0001
487	0.0001
9911	0.0001
544757	0.0001
1828	0.0001
6628443875	0.0001
305681	0.0001
110	0.0003
362	0.0001
41626	0.0001
254166	0.0001
18751	0.0001
7130149	0.0001
94369	0.0001
45	0.0011
39784	0.0001
585	0.0002
918315	0.0001
999	0.0001
692	0.0001
1137826	0.0001
786	0.0002
175399334068	0.0001
73902994	0.0001
859822	0.0001
13221221	0.0001
46708	0.0001
968	0.0002
383404236387	0.0001
9528541	0.0001
84651152795	0.0001
5109960337382	0.0001
2716803	0.0001
2656	0.0001
2916	0.0001
352309	0.0001
123071	0.0001
3025	0.0001
21353155939	0.0001
119602	0.0001
409940	0.0001
23924	0.0001
240683	0.0001
1965	0.0001
759667	0.0001
2655479332	0.0001
937	0.0001
65557	0.0001
3259908	0.0001
1528292222	0.0001
1646374	0.0001
2167672393436	0.0001
11928	0.0001
229635	0.0001
1234313	0.0001
396	0.0003
7499837107331	0.0001
5427398018	0.0001
42436469437	0.0001
699	0.0001
13924	0.0001
20174	0.0001
4890487	0.0001
435	0.0001
2506	0.0002
1071356	0.0001
94016	0.0001
878796	0.0001
12985	0.0001
275492442	0.0001
13551	0.0001
4842	0.0001
377	0.0003
116082	0.0001
5998	0.0001
709512124521	0.0001
77259	0.0001
128144	0.0001
622829296	0.0001
4306	0.0001
649	0.0001
4137	0.0001
705708	0.0001
38823090213415	0.0001
109565927649153008	0.0001
527732	0.0001
534	0.0001
97812	0.0001
2378899	0.0001
364988526	0.0001
22426	0.0001
4094665506920963584	0.0001
311	0.0002
1666854	0.0001
3336	0.0001
54062	0.0001
1392389	0.0001
463729	0.0001
1861709438597633	0.0001
1806	0.0001
33952	0.0001
10416554868	0.0001
90001	0.0001
141261	0.0001
246990378	0.0001
35	0.0018
265	0.0004
365253	0.0001
195	0.0001
10048	0.0001
787361	0.0001
44042195	0.0001
2124765	0.0001
35245483	0.0001
182807	0.0001
679008	0.0001
16512662406215	0.0001
969924227173580032	0.0001
12543728	0.0001
81306755010834	0.0001
13396	0.0001
62433	0.0001
3979566	0.0001
284264559555	0.0001
199	0.0005
26500631440690	0.0001
8934	0.0001
5449587891	0.0001
780102961221	0.0001
49305	0.0001
1440	0.0001
27227	0.0001
4	0.0144
26637971	0.0001
1047960605	0.0001
538003958103795	0.0001
26469397100	0.0001
12944181	0.0001
24617	0.0001
268	0.0001
346983	0.0001
95365	0.0001
668	0.0001
7522	0.0001
6259	0.0001
28678	0.0001
22286551	0.0001
18	0.0049
49506391538389	0.0001
6953	0.0001
3647	0.0001
49	0.0012
16999034	0.0001
17338	0.0001
1031043	0.0001
3212	0.0001
7402	0.0001
3444774458	0.0001
25901	0.0001
7116	0.0001
80649	0.0001
4446268	0.0001
19859	0.0001
153553110670416768	0.0001
1508534045	0.0001
10178	0.0001
743290127	0.0001
747764606535	0.0001
2242	0.0001
71145202469677936	0.0001
3010242	0.0001
19794957	0.0001
229	0.0002
1723253284	0.0001
25000663774	0.0001
306497	0.0001
19610	0.0001
1524	0.0002
117692255764	0.0001
215476117598	0.0001
78724	0.0001
407182303760154	0.0001
958	0.0001
19154	0.0001
58319137	0.0001
21494797532931820	0.0001
169997	0.0001
2463813	0.0001
183320347	0.0001
740	0.0001
1544054361	0.0001
3320862302	0.0001
1682188	0.0001
19229	0.0001
35996	0.0001
74298801	0.0001
6002154578	0.0001
2156767	0.0001
1680	0.0001
2583077176043	0.0001
4611	0.0001
10105	0.0001
409243858	0.0001
33329551	0.0001
47662	0.0001
4741119880	0.0001
7370	0.0001
18320951	0.0001
194608	0.0001
2794	0.0001
8203	0.0001
30256826506	0.0001
128593290177847	0.0001
120648	0.0001
30692298936	0.0001
343	0.0001
13974	0.0001
1778314102	0.0001
594	0.0001
114576057935874	0.0001
866557	0.0001
127055886199	0.0001
4629	0.0001
113756123870181	0.0001
104085	0.0001
2541	0.0001
9735833685	0.0001
685	0.0001
1037172	0.0001
31305	0.0001
118795737	0.0001
135	0.0003
43219	0.0001
24006	0.0001
170019290299	0.0001
292134786860942976	0.0001
46476	0.0001
69186678	0.0001
6142	0.0001
587145700837	0.0001
18145	0.0001
57034	0.0001
37946	0.0001
449883315586	0.0001
7172034474191704	0.0001
486664723580060160	0.0001
1366841913	0.0001
21625	0.0001
3850301	0.0001
381038	0.0001
375613539	0.0001
20909047	0.0001
1082126	0.0001
548	0.0001
91067136	0.0001
14931	0.0001
2775	0.0001
299	0.0003
1547870	0.0001
292	0.0001
9559	0.0001
107468235227945952	0.0001
17122547672355	0.0001
393532173	0.0001
74934193	0.0001
432	0.0002
17772665273956552	0.0001
127876294	0.0001
494	0.0001
2631	0.0001
81452	0.0001
30690003325494	0.0001
124575427	0.0001
3736	0.0001
4221	0.0001
274865	0.0001
114	0.0006
1590	0.0001
3476	0.0001
1962062233	0.0001
973	0.0001
12822571481652412	0.0001
577	0.0001
13496	0.0001
13828	0.0001
21382976	0.0001
7962	0.0001
2659	0.0001
361423	0.0001
3196	0.0001
67921	0.0001
2667	0.0002
905261767353784192	0.0001
2594198861	0.0001
15109	0.0001
720171	0.0001
555509367	0.0001
72681	0.0001
112130	0.0001
34950606	0.0001
12101	0.0001
220971	0.0001
780378414298873	0.0001
4002119546880	0.0001
1431224	0.0001
267601431755	0.0001
94836677	0.0001
13640	0.0001
314243128341	0.0001
3034255126	0.0001
92310	0.0001
1444	0.0001
3940537518	0.0001
245721	0.0001
7331	0.0001
97917902	0.0001
906	0.0001
5192	0.0001
8524919	0.0001
2876	0.0001
2304746	0.0001
1709	0.0001
3023	0.0002
2704	0.0001
898	0.0001
497	0.0002
213550	0.0001
824	0.0001
3505103337	0.0001
52812	0.0001
97306096193	0.0001
18016	0.0001
8079888441	0.0001
74754314791436	0.0001
700604	0.0001
22484	0.0001
6503344	0.0001
47	0.0016
72605	0.0001
1009686	0.0001
1205	0.0001
69219183316993	0.0001
11753211	0.0001
2618978186512	0.0001
9276284633	0.0001
582639	0.0001
1068321	0.0001
6632692541	0.0001
8718	0.0001
26773	0.0001
35023	0.0001
31258	0.0001
1025111	0.0001
3868	0.0001
29202293851210	0.0001
570257	0.0001
3294	0.0001
609916	0.0001
1365	0.0001
3705388	0.0001
4114092	0.0001
99404820	0.0001
3494196	0.0001
2	0.0316
989	0.0001
9136626842242	0.0001
3225	0.0001
102	0.0006
144072	0.0001
10653727	0.0001
1835	0.0001
2508930769	0.0001
97828319	0.0001
404361	0.0001
2407201044383	0.0001
163698777	0.0001
16	0.0046
48886	0.0001
1384	0.0001
63310	0.0001
75473	0.0001
273373	0.0001
25077925981	0.0001
106	0.0004
258	0.0003
2393	0.0001
2498647323	0.0001
106936068	0.0001
1887399057331170	0.0001
5659340	0.0001
8201	0.0001
21	0.0033
367	0.0002
10445	0.0001
90628	0.0001
10124486	0.0001
1461	0.0001
20729184	0.0001
6934638	0.0001
21190138	0.0001
91	0.0006
8805	0.0001
95301757561	0.0001
8520	0.0001
10542657564048	0.0001
1983802	0.0001
6208	0.0001
12110765	0.0001
64117	0.0001
7330434775	0.0001
5928	0.0001
3205790931	0.0001
42321858	0.0001
793	0.0001
57278981311	0.0001
32825	0.0001
41479345	0.0001
43780088	0.0001
1610	0.0001
48800	0.0001
17796970478	0.0001
4735906	0.0001
10349273345799	0.0001
9217	0.0001
767922242	0.0001
12766	0.0001
2570045	0.0001
228344168	0.0001
265478	0.0001
150403	0.0001
438	0.0002
6800	0.0001
47132789	0.0001
17	0.0035
57556855249	0.0001
11204	0.0001
9455625	0.0001
68308566	0.0001
111794462655	0.0001
257961412	0.0001
313	0.0001
5464	0.0001
236907037853	0.0001
595782468	0.0001
150	0.0004
98	0.0007
2415891	0.0001
3293953	0.0001
822	0.0001
2814	0.0002
81772	0.0001
495240	0.0001
35892296	0.0001
666607965509233280	0.0001
847043592	0.0001
17219	0.0001
7163	0.0001
2461	0.0001
204241753663	0.0001
31641731320980	0.0001
1614247807	0.0001
638	0.0002
1830	0.0001
410	0.0002
917	0.0001
4362	0.0001
81847	0.0001
91181923	0.0001
24562431	0.0001
221416	0.0001
1321418330	0.0001
3100894782	0.0001
116655	0.0001
545414534	0.0001
1338503	0.0001
38861	0.0001
2505290	0.0001
43717	0.0001
2520	0.0001
206436	0.0001
771193	0.0001
44	0.0013
21757	0.0002
259385	0.0001
2903	0.0001
14344640	0.0001
8197031201	0.0001
1089	0.0001
3714674823	0.0001
1995	0.0001
6218525	0.0001
10011917201130	0.0001
40260766651594008	0.0001
955886231903	0.0001
1589849656	0.0001
6263	0.0001
1712405014	0.0001
495	0.0002
3170136	0.0001
874567401	0.0001
808093	0.0001
6779521658627678208	0.0001
2467676374502	0.0001
1232590	0.0001
101572137	0.0001
12782146	0.0001
104585	0.0001
750	0.0001
3077892588848	0.0001
5537813865	0.0001
2530	0.0002
1091	0.0001
197073	0.0001
713850	0.0001
163	0.0004
2408931	0.0001
2219645	0.0001
860709	0.0001
58418092	0.0001
41335	0.0001
525216505266	0.0001
4545	0.0001
2880636	0.0001
1360363	0.0001
73666574219	0.0001
60594	0.0001
4369	0.0001
3982	0.0001
9062248	0.0001
10802141	0.0001
2093	0.0001
3852534529	0.0001
821210	0.0001
2387	0.0001
1202699	0.0001
3772	0.0001
811412	0.0001
69414610615737	0.0001
1176674788	0.0001
3976	0.0001
94122	0.0001
581	0.0001
25404	0.0001
19133230400	0.0001
81520	0.0001
209912922662	0.0001
525191476060	0.0001
691	0.0001
152146835	0.0001
2648	0.0002
37713	0.0001
3819508613628	0.0001
80498636	0.0001
132484	0.0001
23467	0.0001
199149795421600	0.0001
5801	0.0001
46505890041	0.0001
595424972	0.0001
2246	0.0001
789945087	0.0001
5649834	0.0001
4900	0.0001
79	0.0011
191212	0.0001
978	0.0001
367036	0.0001
16172	0.0002
945922415	0.0001
892	0.0002
628	0.0002
3553	0.0001
25437383	0.0001
501497126951	0.0001
360372333163	0.0001
16225	0.0001
299367	0.0001
2807	0.0001
38205	0.0001
80824101710547	0.0001
16684161	0.0001
144155803	0.0001
811260305903246	0.0001
816	0.0001
1681140541717	0.0001
1525835504972293	0.0001
