430	0.0003
116	0.0011
519	0.0004
212	0.0009
653	0.0003
83	0.001
436	0.0002
195	0.0006
512	0.0003
170	0.0008
36	0.0027
70	0.0024
120	0.0009
157	0.001
288	0.0004
271	0.0005
991	0.0002
811	0.0001
848	0.0001
230	0.0006
215	0.0003
725	0.0002
110	0.0008
213	0.0006
298	0.0004
431	0.0002
410	0.0004
792	0.0001
133	0.0007
251	0.0005
858	0.0002
397	0.0003
88	0.0006
53	0.0016
525	0.0003
542	0.0002
677	0.0003
306	0.0002
910	0.0001
767	0.0002
248	0.0004
380	0.0003
500	0.0002
855	0.0001
989	0.0001
647	0.0002
965	0.0001
371	0.0001
12	0.0127
416	0.0005
561	0.0001
344	0.0003
112	0.0009
188	0.0006
708	0.0002
760	0.0003
365	0.0002
141	0.0006
786	0.0004
244	0.0008
899	0.0001
809	0.0001
482	0.0007
865	0.0001
993	0.0001
86	0.0015
121	0.0012
151	0.0006
178	0.0006
631	0.0002
190	0.0006
541	0.0001
513	0.0003
224	0.0004
48	0.0023
305	0.0004
210	0.0005
793	0.0004
204	0.0005
790	0.0001
222	0.0005
698	0.0001
429	0.0004
263	0.0002
388	0.0004
517	0.0001
137	0.0013
134	0.0005
256	0.0003
330	0.0002
502	0.0002
523	0.0002
377	0.0002
779	0.0002
917	0.0001
921	0.0001
106	0.0007
76	0.0016
239	0.0004
257	0.0004
652	0.0003
266	0.0002
597	0.0001
364	0.0002
95	0.001
174	0.0004
189	0.0007
636	0.0002
964	0.0001
560	0.0001
442	0.0001
393	0.0003
404	0.0004
603	0.0002
556	0.0001
528	0.0002
283	0.0006
675	0.0003
115	0.0005
889	0.0002
678	0.0001
748	0.0002
987	0.0002
862	0.0001
934	0.0002
857	0.0001
924	0.0001
714	0.0002
834	0.0001
566	0.0002
454	0.0002
632	0.0001
585	0.0003
417	0.0002
690	0.0002
536	0.0001
9	0.0155
571	0.0001
995	0.0002
231	0.0003
633	0.0001
661	0.0001
292	0.0002
646	0.0003
61	0.0023
378	0.0006
939	0.0001
435	0.0005
374	0.0001
146	0.0011
145	0.0004
575	0.0002
183	0.0005
611	0.0001
437	0.0006
310	0.0002
538	0.0002
854	0.0002
143	0.0004
294	0.0002
489	0.0001
553	0.0002
46	0.0019
771	0.0002
376	0.0002
904	0.0002
148	0.001
986	0.0001
707	0.0001
817	0.0001
286	0.0003
741	0.0001
768	0.0001
754	0.0001
191	0.0004
788	0.0001
3	0.0397
295	0.0005
524	0.0001
972	0.0001
20	0.0058
487	0.0002
34	0.0034
142	0.0012
594	0.0002
835	0.0001
838	0.0002
267	0.0009
462	0.0001
124	0.0007
815	0.0001
207	0.0003
5	0.0253
64	0.0023
101	0.0007
988	0.0001
367	0.0004
425	0.0001
139	0.0008
272	0.0001
57	0.0026
35	0.0042
609	0.0002
403	0.0006
130	0.0008
360	0.0002
226	0.0005
290	0.0002
660	0.0001
469	0.0004
240	0.0002
844	0.0003
108	0.0009
398	0.0003
309	0.0008
82	0.0011
126	0.001
411	0.0002
775	0.0002
540	0.0002
51	0.0025
206	0.0004
590	0.0001
499	0.0002
797	0.0002
343	0.0002
449	0.0003
261	0.0003
375	0.0001
79	0.0016
680	0.0004
172	0.0002
616	0.0002
569	0.0001
610	0.0001
776	0.0001
232	0.0006
674	0.0001
961	0.0001
514	0.0004
268	0.0004
4	0.0307
181	0.0005
501	0.0001
246	0.0001
808	0.0001
245	0.0007
423	0.0002
709	0.0002
666	0.0003
156	0.0004
819	0.0002
113	0.0012
176	0.0005
688	0.0002
645	0.0003
107	0.001
249	0.0001
803	0.0002
98	0.0014
314	0.0003
452	0.0001
866	0.0004
574	0.0001
516	0.0003
60	0.0012
109	0.0005
998	0.0001
262	0.0004
89	0.0014
72	0.0023
527	0.0001
313	0.0002
265	0.0006
351	0.0003
77	0.0012
8	0.0175
33	0.0037
136	0.001
125	0.0009
860	0.0001
593	0.0002
772	0.0003
342	0.0002
208	0.0002
81	0.0018
198	0.0004
129	0.0008
281	0.0006
850	0.0003
259	0.0008
114	0.0012
906	0.0001
85	0.001
339	0.0004
336	0.0002
327	0.0005
849	0.0001
448	0.0002
900	0.0002
254	0.0002
505	0.0004
47	0.0028
891	0.0002
32	0.0038
155	0.0006
200	0.[41;1H[?2004l[?2004l[?1l>[?1049l[23;0;0tVim: Error reading input, exiting...
Vim: Finished.
[41;1H[J006
493	0.0002
573	0.0002
426	0.0001
180	0.0007
270	0.0006
75	0.0016
238	0.0004
225	0.0006
278	0.0003
876	0.0001
753	0.0001
440	0.0002
441	0.0003
144	0.0009
10	0.0126
67	0.0018
307	0.0001
722	0.0001
484	0.0001
877	0.0001
39	0.0032
852	0.0001
592	0.0005
498	0.0002
710	0.0001
461	0.0001
49	0.002
97	0.0012
424	0.0002
774	0.0002
296	0.0003
444	0.0002
627	0.0001
21	0.0056
958	0.0002
739	0.0002
312	0.0003
554	0.0002
31	0.0044
62	0.0019
432	0.0001
99	0.0013
915	0.0001
30	0.0036
118	0.0008
551	0.0003
52	0.0017
831	0.0003
796	0.0004
111	0.0009
696	0.0001
104	0.0011
976	0.0001
373	0.0004
508	0.0001
73	0.0018
568	0.0003
353	0.0006
510	0.0004
752	0.0004
127	0.0006
563	0.0001
323	0.0001
823	0.0001
656	0.0002
93	0.0011
950	0.0001
639	0.0002
613	0.0003
810	0.0002
247	0.0004
759	0.0001
350	0.0005
599	0.0001
903	0.0001
833	0.0001
193	0.0005
881	0.0001
400	0.0001
983	0.0001
956	0.0001
258	0.0003
763	0.0001
302	0.0003
284	0.0004
947	0.0002
335	0.0001
182	0.0008
459	0.0002
333	0.0006
721	0.0005
381	0.0002
546	0.0001
102	0.0008
595	0.0002
952	0.0001
419	0.0004
625	0.0001
175	0.0006
303	0.0004
737	0.0001
65	0.0019
167	0.0009
925	0.0002
650	0.0003
289	0.0002
211	0.0004
937	0.0002
697	0.0001
871	0.0001
168	0.0006
100	0.0012
347	0.001
783	0.0001
782	0.0001
29	0.0044
601	0.0002
955	0.0001
537	0.0002
526	0.0002
160	0.0005
433	0.0002
872	0.0001
651	0.0002
699	0.0001
669	0.0003
282	0.0005
119	0.0012
55	0.0018
736	0.0001
405	0.0002
837	0.0001
153	0.0013
219	0.0005
742	0.0001
369	0.0002
140	0.0007
407	0.0002
332	0.0002
68	0.0018
43	0.0022
352	0.0005
813	0.0002
655	0.0002
201	0.0007
395	0.0003
387	0.0003
451	0.0002
928	0.0002
80	0.0017
438	0.0001
492	0.0003
507	0.0002
50	0.0023
56	0.0026
800	0.0001
370	0.0003
356	0.0002
634	0.0001
557	0.0002
890	0.0001
94	0.0008
795	0.0002
158	0.0005
930	0.0001
274	0.0003
602	0.0003
401	0.0003
117	0.0006
446	0.0002
471	0.0004
468	0.0002
304	0.0001
630	0.0002
511	0.0004
96	0.0019
588	0.0004
260	0.0002
45	0.0025
994	0.0002
324	0.0005
911	0.0003
28	0.0051
150	0.0003
880	0.0002
205	0.0001
670	0.0001
558	0.0001
1	0.0801
301	0.0003
798	0.0003
755	0.0001
443	0.0003
695	0.0003
548	0.0002
74	0.0016
149	0.0005
843	0.0002
196	0.0007
147	0.0013
726	0.0004
635	0.0002
394	0.0002
506	0.0001
17	0.0083
132	0.0005
235	0.0006
466	0.0003
847	0.0003
479	0.0005
40	0.0027
173	0.0014
608	0.0003
103	0.0011
131	0.0003
704	0.0001
291	0.0007
154	0.0011
242	0.0008
509	0.0004
504	0.0002
914	0.0001
713	0.0001
589	0.0002
428	0.0003
949	0.0001
276	0.0005
555	0.0001
128	0.0015
2	0.0531
458	0.0005
693	0.0001
494	0.0002
785	0.0004
769	0.0001
570	0.0001
463	0.0001
626	0.0001
14	0.009
839	0.0001
229	0.0002
349	0.0001
0	0.1824
406	0.0002
345	0.0001
583	0.0002
600	0.0001
724	0.0003
59	0.0018
379	0.0002
445	0.0003
214	0.0001
122	0.0012
264	0.0009
496	0.0005
87	0.0008
999	0.0002
161	0.0007
169	0.0003
470	0.0003
701	0.0002
641	0.0002
202	0.0007
447	0.0002
642	0.0002
518	0.0003
197	0.0005
218	0.0005
968	0.0001
186	0.0002
620	0.0001
559	0.0002
392	0.0004
702	0.0001
705	0.0001
731	0.0001
253	0.0002
896	0.0001
791	0.0001
591	0.0001
638	0.0002
940	0.0001
878	0.0002
615	0.0001
16	0.0083
751	0.0002
475	0.0003
607	0.0001
38	0.0027
362	0.0003
529	0.0004
756	0.0002
488	0.0001
422	0.0002
486	0.0002
812	0.0001
522	0.0002
907	0.0002
233	0.0008
842	0.0001
275	0.0007
1000	0.0001
78	0.0012
990	0.0002
587	0.0001
18	0.0061
166	0.001
135	0.0007
729	0.0001
503	0.0002
562	0.0002
870	0.0002
879	0.0002
628	0.0003
728	0.0002
450	0.0002
415	0.0001
659	0.0003
532	0.0001
250	0.0005
391	0.0001
331	0.0003
485	0.0001
325	0.0002
346	0.0006
221	0.0005
6	0.0201
90	0.0007
822	0.0002
355	0.0001
567	0.0003
315	0.0005
684	0.0001
13	0.0108
138	0.0009
293	0.0002
515	0.0002
179	0.0004
123	0.0009
357	0.0005
84	0.0008
478	0.0006
277	0.0002
279	0.0004
944	0.0001
539	0.0001
545	0.0003
744	0.0001
606	0.0002
476	0.0002
354	0.0002
770	0.0001
564	0.0003
26	0.0057
105	0.0007
162	0.0007
92	0.0015
322	0.0004
665	0.0003
223	0.0004
743	0.0003
220	0.0003
7	0.0159
579	0.0003
341	0.0004
658	0.0001
668	0.0001
794	0.0002
544	0.0002
241	0.0001
477	0.0004
979	0.0001
814	0.0002
472	0.0004
978	0.0001
453	0.0001
402	0.0003
456	0.0004
778	0.0001
25	0.0051
884	0.0002
966	0.0003
901	0.0002
717	0.0001
520	0.0001
22	0.0053
582	0.0001
408	0.0004
905	0.0002
300	0.0003
420	0.0003
473	0.0001
913	0.0001
27	0.0046
19	0.0073
23	0.0052
287	0.0003
217	0.0006
784	0.0003
664	0.0002
412	0.0003
799	0.0001
643	0.0002
942	0.0002
830	0.0001
758	0.0002
644	0.0003
846	0.0001
163	0.0006
63	0.0012
581	0.0002
54	0.0012
359	0.0001
66	0.0018
308	0.0006
328	0.0004
521	0.0001
895	0.0001
971	0.0001
970	0.0001
662	0.0002
41	0.0039
962	0.0002
598	0.0001
334	0.0002
269	0.0002
935	0.0001
368	0.0001
209	0.0008
329	0.0001
649	0.0001
273	0.0001
164	0.0005
321	0.0002
71	0.0011
44	0.003
491	0.0002
873	0.0001
184	0.0004
773	0.0004
337	0.0004
747	0.0002
171	0.0006
572	0.0001
888	0.0001
413	0.0001
384	0.0004
228	0.0004
317	0.0004
69	0.0019
618	0.0003
237	0.0002
612	0.0003
787	0.0002
91	0.0009
623	0.0004
577	0.0002
11	0.014
802	0.0001
605	0.0001
15	0.0091
319	0.0003
318	0.0003
464	0.0002
681	0.0001
629	0.0004
234	0.0009
42	0.0027
984	0.0001
418	0.0003
297	0.0001
861	0.0002
399	0.0001
686	0.0002
617	0.0004
840	0.0001
199	0.0006
203	0.0008
552	0.0002
703	0.0001
740	0.0001
255	0.0004
421	0.0001
386	0.0001
727	0.0002
165	0.0002
480	0.0001
455	0.0002
299	0.0004
194	0.0005
531	0.0002
780	0.0003
467	0.0004
750	0.0003
243	0.0003
187	0.0005
951	0.0001
543	0.0002
396	0.0001
236	0.0007
159	0.0011
973	0.0001
806	0.0003
383	0.0001
320	0.0002
216	0.0003
730	0.0001
252	0.0001
474	0.0006
311	0.0005
712	0.0001
887	0.0002
389	0.0001
192	0.0003
37	0.0021
152	0.0005
414	0.0002
227	0.0001
58	0.002
898	0.0001
916	0.0001
361	0.0002
869	0.0004
24	0.0054
285	0.0004
535	0.0003
711	0.0002
280	0.0005
434	0.0005
316	0.0003
326	0.0003
