0	38.278413
1	13.534386000000001
2	7.3668689999999994
3	4.785677
4	3.4207099999999997
5	2.602031
6	2.066081
7	1.693748
8	1.417214
9	1.209797
10	1.047727
11	0.92195
12	0.816449
13	0.730421
14	0.659122
15	0.598876
16	0.54652
17	0.500683
18	0.462009
19	0.428188
20	0.39857499999999996
21	0.370425
22	0.347036
23	0.326318
24	0.306469
25	0.288063
26	0.272991
27	0.257517
28	0.24568900000000002
29	0.23309899999999997
30	0.22233
31	0.21202500000000002
32	0.20133299999999998
33	0.193215
34	0.18470999999999999
35	0.177677
36	0.169611
37	0.163434
38	0.15727200000000002
39	0.151408
40	0.146009
41	0.14094800000000002
42	0.13641199999999998
43	0.131875
44	0.126603
45	0.123062
46	0.119359
47	0.115116
48	0.11162100000000001
49	0.107734
50	0.104821
51	0.10260799999999999
